"Артикул ";"Наименование ";"Цена";"На складе ";"Описание ";"Краткое описание ";"Заголовок страницы ";"Тэг META keywords ";"Тэг META description ";"Фотография ";"Фотография ";"Фотография ";"Фотография ";"Фотография ";"Фотография ";"Фотография ";"Фотография ";"Фотография ";"Фотография ";"Производитель"
0;;Бытовая техника для кухни;;;;;;;;;;;;;;;;
"1000_92";"Блинница Ariete Baby 181";"60.00";100;"<p>Мощность 900 Вт. Индикатор температуры. Контейнер для теста. Готовым блинчикам можно придать форму Микки Мауса специальной формочкой.</p>";"<p>Мощность 900 Вт. Индикатор температуры. Контейнер для теста. Готовым блинчикам можно придать форму Микки Мауса специальной формочкой.</p>";"Блинница Ariete Baby 181";"";"";"92-162-thickbox_small.jpg,92-162-thickbox_medium.jpg,92-162-thickbox.jpg";"92-163-thickbox_small.jpg,92-163-thickbox_medium.jpg,92-163-thickbox.jpg";"";"";"";"";"";"";"";"";""
"1000_93";"Аппарат для пончиков Daewoo DI 8102";"35.00";100;"<p>Аппарат предназначен для приготовления пончиков традиционной (кольцеобразной) формы. Индикатор включения и готовности. Антипригарное покрытие. Регулировка температуры.</p>";"<p>Аппарат предназначен для приготовления пончиков традиционной (кольцеобразной) формы.</p>";"Аппарат для пончиков Daewoo DI 8102";"";"";"93-164-thickbox_small.jpg,93-164-thickbox_medium.jpg,93-164-thickbox.jpg";"";"";"";"";"";"";"";"";"";""
0;;Детские товары;;;;;;;;;;;;;;;;
"1001_94";"Автокресло Bebe Confort Opal";"483.00";100;"<p>Автокресло с поворотным сиденьем для более продолжительного использования. Переустановка положений происходит одним движением руки, вращением автокресла на своем основании. Сиденье подходит для двух групп: 0+ - спиной к дороге и 1 - лицом к дороге. Боковая защита Safe Side предохраняет голову малыша при боковых столкновениях. Внутренние 5-точечные ремни безопасности быстро и удобно регулируются по росту ребенка. Размеры: ширина регулируется от 40 до 50 см. Высота регулируется от 60 до 76 см. Варианты цвета: Total Black, Intense Red, Deep Blue, Brown Earth, Steel Gray, Marble Pink, Dark Olive.</p>";"<p>Автокресло с поворотным сиденьем для более продолжительного использования.</p>";"Автокресло Bebe Confort Opal";"";"";"94-165-thickbox_small.jpg,94-165-thickbox_medium.jpg,94-165-thickbox.jpg";"94-166-thickbox_small.jpg,94-166-thickbox_medium.jpg,94-166-thickbox.jpg";"94-167-thickbox_small.jpg,94-167-thickbox_medium.jpg,94-167-thickbox.jpg";"94-169-thickbox_small.jpg,94-169-thickbox_medium.jpg,94-169-thickbox.jpg";"94-170-thickbox_small.jpg,94-170-thickbox_medium.jpg,94-170-thickbox.jpg";"";"";"";"";"";""
"1001_95";"Детские качели GRACO Sweetpeace";"348.00";100;"<p>Детские качели для детей с рождения. Качели копируют движение при укачивании ребёнка на руках (в трёх разных направлениях), три положения спинки, 6 скоростей, съёмное сидение, набор различных мелодий и возможность подключения МР3 плеера, две скорости вибрации, ремни безопасности, регулируемый капор.</p>";"<p>Детские качели для детей с рождения.</p>";"Детские качели GRACO Sweetpeace";"";"";"95-172-thickbox_small.jpg,95-172-thickbox_medium.jpg,95-172-thickbox.jpg";"";"";"";"";"";"";"";"";"";""
"1001_96";"Цифровой видеомонитор Philips AVENT SCD60000";"350.00";100;"<p>Автоматический выбор канала для конфиденциального соединения. Система инфракрасного ночного видения для круглосуточного наблюдения. Успокаивающие колыбельные и ночник. Высокое разрешение, цветной экран 61 мм. Беспроводной портативный родительский блок. Цифровое подтверждение сигнала и световая индикация уровня звука. Автоматическое включение экрана с регуляторами яркости и звука. Родительский блок на аккумуляторах. Диапазон действия: 150 м. Клипса для крепления к поясу.</p>";"<p>Автоматический выбор канала для конфиденциального соединения.</p>";"Цифровой видеомонитор Philips AVENT SCD60000";"";"";"96-173-thickbox_small.jpg,96-173-thickbox_medium.jpg,96-173-thickbox.jpg";"";"";"";"";"";"";"";"";"";""
"1001_97";"Стульчик для кормления Peg-Perego Prima Pappa Best";"306.00";100;"<p>Стульчик раcсчитан на малыша до трех лет. Моющееся сидение изготовлено из кожа заменителя, корпус пластмассовый, регулируемая подножка, стопора на колесах, большая устойчивость. Пятиточечные ремни безопасности и анатомическая вставка для разделения ног удерживают ребенка в надежном и безопасном положении.</p>";"<p>Стульчик раcсчитан на малыша до трех лет.</p>";"Стульчик для кормления Peg-Perego Prima Pappa Best";"";"";"97-174-thickbox_small.jpg,97-174-thickbox_medium.jpg,97-174-thickbox.jpg";"97-175-thickbox_small.jpg,97-175-thickbox_medium.jpg,97-175-thickbox.jpg";"97-177-thickbox_small.jpg,97-177-thickbox_medium.jpg,97-177-thickbox.jpg";"97-178-thickbox_small.jpg,97-178-thickbox_medium.jpg,97-178-thickbox.jpg";"";"";"";"";"";"";""
0;;Мебель и интерьер;;;;;;;;;;;;;;;;
"1002_98";"Гладильная доска Metalnova Domino Plus";"134.00";100;"<p>Компактная, устойчивая гладильная доска с регулировкой высоты гладильной платформы до восьми положений. Имеет твердую гладильную платформу из огнеупорного материала, на которую одевается влагоустойчивый и жаропрочный чехол. Ножки выполнены из хромированного металла. Рабочая поверхность: 114x36 см. Подставка для утюга. Вес:7 кг.</p>";"<p>Компактная, устойчивая гладильная доска с регулировкой высоты гладильной платформы до восьми положений.</p>";"Гладильная доска Metalnova Domino Plus";"";"";"98-179-thickbox_small.jpg,98-179-thickbox_medium.jpg,98-179-thickbox.jpg";"";"";"";"";"";"";"";"";"";""
"1002_99";"Лампы АРО Голден S";"151.00";100;"<p>Лампы АРО Голден S. Отличное решение для создания непринужденной и уютной обстановки в Вашем доме. Размеры: Большой лампы (L): Высота - 143 см; Диаметр - 29 см Средней лампы (M): Высота - 115 см; Диаметр - 29 см Маленькой лампы (S): Высота - 83 см; Диаметр - 26 см Страна-производитель: Индонезия</p>";"<p>Лампы АРО Голден S. Отличное решение для создания непринужденной и уютной обстановки в Вашем доме.</p>";"Лампы АРО Голден S";"";"";"99-180-thickbox_small.jpg,99-180-thickbox_medium.jpg,99-180-thickbox.jpg";"";"";"";"";"";"";"";"";"";""
0;;Строительные инструменты;;;;;;;;;;;;;;;;
"1003_100";"Детектор проводки Bosch PDO Multi";"123.00";100;"<p>Цифровой детектор для обнаружения и локализации проводки, металлов (включая цветные) и деревянных внутренних конструкций. Функция «Zoom». Дисплей с высоким разрешением. Однозначное запрещение/разрешение сверления с помощью светодиодного индикатора. Автоматическая калибровка.</p>";"<p>Цифровой детектор для обнаружения и локализации проводки, металлов (включая цветные) и деревянных внутренних конструкций. Функция «Zoom».</p>";"Детектор проводки Bosch PDO Multi";"";"";"100-181-thickbox_small.jpg,100-181-thickbox_medium.jpg,100-181-thickbox.jpg";"";"";"";"";"";"";"";"";"";""
"1003_101";"Оптический нивелир Bosch GOL 20 D Professional";"285.00";100;"<p>Оптический нивелир с точность нивелирования 3 мм на 30 м. Рабочий диапазон: до 60 м. Оптимально подходит для использования вне помещений благодаря прочному корпусу с защитой от пыли и брызг IP 54. Светосильный объектив для чёткого захвата цели. Пентапризма для удобства считывания показаний сферического уровня. Коллиматор для грубого выравнивания. Вертикальное изображение. Большая кнопка фокусировки для простого выравнивания.Бесконечный микрометренный привод (измерение в гонах) с проскальзывающей муфтой.</p>";"<p>Оптический нивелир с точность нивелирования 3 мм на 30 м. Рабочий диапазон: до 60 м.</p>";"Оптический нивелир Bosch GOL 20 D Professional";"";"";"101-182-thickbox_small.jpg,101-182-thickbox_medium.jpg,101-182-thickbox.jpg";"101-183-thickbox_small.jpg,101-183-thickbox_medium.jpg,101-183-thickbox.jpg";"101-184-thickbox_small.jpg,101-184-thickbox_medium.jpg,101-184-thickbox.jpg";"101-185-thickbox_small.jpg,101-185-thickbox_medium.jpg,101-185-thickbox.jpg";"";"";"";"";"";"";""
"1003_102";"Краскораспылитель Bosch PFS 105 E";"220.00";100;"<p>Системы тонкого распыления с электронной регулировкой расхода воздуха для обработки больших объектов. Потребляемая мощность 350 Вт. Система плавной регулировки расхода краски. Сопло для распыления краски с 3 положениями. Рукоятка с мягкой накладкой. Длина шланга: 3.4 м.</p>";"<p>Системы тонкого распыления с электронной регулировкой расхода воздуха для обработки больших объектов.</p>";"Краскораспылитель Bosch PFS 105 E";"";"";"102-186-thickbox_small.jpg,102-186-thickbox_medium.jpg,102-186-thickbox.jpg";"";"";"";"";"";"";"";"";"";""
"1003_103";"Высечные ножницы Bosch GNA 16 (SDS) Professional";"290.00";100;"<p>Изящная, узкая конструкция для оптимального удобства в обращении. Используется для внутренних вырезов. Свободная работа по разметке и шаблону. Фиксируемая матрица для прямых прорезов, замена пуансона и матрицы без инструмента (система SDS). Легкосменные режущие инструменты.</p>";"<p>Изящная, узкая конструкция для оптимального удобства в обращении.</p>";"Высечные ножницы Bosch GNA 16 (SDS) Professional";"";"";"103-187-thickbox_small.jpg,103-187-thickbox_medium.jpg,103-187-thickbox.jpg";"";"";"";"";"";"";"";"";"";""
"1003_104";"Перфоратор AEG PN 11 E";"1135.00";100;"<p>Эффективен при работе массивной оснасткой. Бурение отверстий большого диаметра на большую глубину доступно только машинам этого класса. Высокая энергия удара позволяет без труда и быстро разрушать конструкции из бетона. Анти вибрационная система AVS. Прорезиненная накладка Softgrip на рукоятках. Сила удара 27.0 Дж. Комплектуется кейсом.</p>";"<p>Эффективен при работе массивной оснасткой. Бурение отверстий большого диаметра на большую глубину доступно только машинам этого класса.</p>";"Перфоратор AEG PN 11 E";"";"";"104-188-thickbox_small.jpg,104-188-thickbox_medium.jpg,104-188-thickbox.jpg";"";"";"";"";"";"";"";"";"";""
0;;Телефония;;;;;;;;;;;;;;;;
"1004_105";"VoIP-телефон Linksys SPA962";"364.00";100;"<p>VoIP-телефон обладает широким набором функциональных возможностей, как телефонных, так и сетевых. Стильный дизайн и высокая функциональность аппарата делают его использование чрезвычайно эффективным в гибкой среде IP-телефонии, IP УАТС или крупных IP call-центрах. Комплектация аппарата включает в себя: поддержку 6 активных каналов, dual switched Ethernet ports, поддержку 802.3 c питанием от свитча (PoE -Power of the Ethernet, это означает, что телефон питается от сети Ethernet), цветной дисплей с высоким разрешением, динамик, и 2.5 мм разъем для гарнитуры. Каждый канал телефонного аппарата может быть настроен на работу либо с несколькими различными номерами, либо с одним, но многоканальным номером.</p>";"<p>VoIP-телефон обладает широким набором функциональных возможностей, как телефонных, так и сетевых.</p>";"VoIP-телефон Linksys SPA962";"";"";"105-189-thickbox_small.jpg,105-189-thickbox_medium.jpg,105-189-thickbox.jpg";"";"";"";"";"";"";"";"";"";""
"1004_106";"Мобильный телефон Porsche Design P'9521";"1965.00";100;"<p>Корпус изготовлен из алюминия. Верхнюю крышку можно поворачивать в разные стороны. Сеть: GSM / EDGE (850 / 900 / 1800 / 1900 МГц). Камера: 3.2 мегапикселя, автофокус, вспышка. Дисплей: AMOLED, 2.2 дюйма, 320 х 240 точек. USB 1.1. Bluetooth 1.2, A2DP, AVRCP. Считыватель отпечатков пальцев.</p>";"<p>Корпус изготовлен из алюминия. Верхнюю крышку можно поворачивать в разные стороны.</p>";"Мобильный телефон Porsche Design P'9521";"";"";"106-190-thickbox_small.jpg,106-190-thickbox_medium.jpg,106-190-thickbox.jpg";"106-191-thickbox_small.jpg,106-191-thickbox_medium.jpg,106-191-thickbox.jpg";"106-192-thickbox_small.jpg,106-192-thickbox_medium.jpg,106-192-thickbox.jpg";"106-195-thickbox_small.jpg,106-195-thickbox_medium.jpg,106-195-thickbox.jpg";"106-193-thickbox_small.jpg,106-193-thickbox_medium.jpg,106-193-thickbox.jpg";"";"";"";"";"";""
"1004_107";"Автомобильная громкая связь Nokia CK-300";"214.00";100;"<p>Беспроводной автомобильный комплект для совершения вызовов и прослушивания музыки. Встроенная функция DSP. Индикатор питания на внешнем устройстве ввода. Активация голосовых команд (требует поддержки телефоном). Переадресация вызова с телефона на автомобильный комплект. Повтор последнего набранного номера. Отключение микрофона. Воспроизведение МР3-файлов из памяти мобильного устройства или совместимого музыкального плеера. Подключение к автомагнитоле для лучшего качества звука (требуется магнитола с разъемом AUX и адаптер кабеля).</p>";"<p>Беспроводной автомобильный комплект для совершения вызовов и прослушивания музыки.</p>";"Автомобильная громкая связь Nokia CK-300";"";"";"107-196-thickbox_small.jpg,107-196-thickbox_medium.jpg,107-196-thickbox.jpg";"107-197-thickbox_small.jpg,107-197-thickbox_medium.jpg,107-197-thickbox.jpg";"";"";"";"";"";"";"";"";""
"1004_108";"Радиостанция JJ-Connect HE-400";"119.00";100;"<p>Радиостанция обеспечивает надежную связь на расстоянии до 12 км. Работает на частотах 433.075 - 434.775. Яркий и информативный дисплей с подсветкой, отображает всю необходимую информацию, предусмотрен также тональный вызов, индикатор заряда батарей и регулировка громкости. В качестве дополнительной полезной функции имеется встроенный электронный компас, что пригодится в походе, в лесу, на охоте или рыбалке. Цвет - черно-серебристый.</p>";"<p>Радиостанция обеспечивает надежную связь на расстоянии до 12 км.</p>";"Радиостанция JJ-Connect HE-400";"";"";"108-198-thickbox_small.jpg,108-198-thickbox_medium.jpg,108-198-thickbox.jpg";"108-199-thickbox_small.jpg,108-199-thickbox_medium.jpg,108-199-thickbox.jpg";"108-200-thickbox_small.jpg,108-200-thickbox_medium.jpg,108-200-thickbox.jpg";"";"";"";"";"";"";"";""
"1004_109";"Bluetooth stereo гарнитура беспроводная Jabra BT650 Halo";"118.00";100;"<p>Основные параметры Тип крепления наушников: оголовье Вес (гр): 80 Способ питания: собственный аккумулятор Дальность действия (макс.): 10 м Время работы в режиме ожидания до (ч): 8 Время работы в режиме разговора до (м): 480 Способ зарядки аккумулятора: от внешнего USB-порта, Сетевое зарядное устройство 220В Время зарядки: 120 мин Передача данных: Bluetooth Версия Bluetooth протокола: 2.0 Поддерживаемые профили Bluetooth: A2DP, AVRCP, EDR, Handsfree, Headset Поддержка Bluetooth стерео: ДаФункциональность Функция Multipoint: Да Функции гарнитуры: автоматическая подстройка громкости, ответ/окончание разговора, повтор последнего номера, шумоподавление, эхоподавление Индикатор разряда аккумулятора: Да Световой индикатор вызова: ДаКомплектация - Гарнитура Bluetooth стерео Jabra BT650 Halo - Чехол - Кабель USB - 3.5 мм кабель - Краткое руководство пользователя - Зарядное устройство</p>";"<p>Основные параметры Тип крепления наушников: оголовье Вес (гр): 80</p>";"Bluetooth stereo гарнитура беспроводная Jabra BT650 Halo";"";"";"109-201-thickbox_small.jpg,109-201-thickbox_medium.jpg,109-201-thickbox.jpg";"";"";"";"";"";"";"";"";"";""
"1004_110";"Микросотовый телефон DECT Panasonic KX-TCA275";"200.00";100;"<p>Микросотовый телефон DECT позволяет сотрудникам перемещаться по всей территории офиса, не прекращая разговора, и обеспечивают при этом полную функциональность стационарного системного телефона. Каждый микросотовый телефон DECT может быть зарегистрирован на нескольких АТС, что позволяет использовать один и тот же номер в разных офисах. Когда Вы находитесь в другом офисе, трубка автоматически регистрируется в местной DECT сети, и Вы можете принимать звонки на свой обычный внутренний номер. Цветной графический ЖК-дисплей с подсветкой и с поддержкой кириллицы. Работа с АТС Panasonic серий KX-TDA/TDE/NCP. Поддержка CTI приложений (доступность данной функции зависит от версии KX-TDA0141/0158). Поддержка функций АТС. Разъём для подключения гарнитуры. Полифонический звонок (10 мелодий). Клавиатура с подсветкой и символами кириллицы. Спикерфон. Программируемые кнопоки. Виброзвонок. Режим на совещание. Записная книжка на 200 записей. Размер: 123х45х23 мм. Вес: 115 г.</p>";"<p>Микросотовый телефон DECT позволяет сотрудникам перемещаться по всей территории офиса, не прекращая разговора, и обеспечивают при этом полную функциональность стационарного системного телефона.</p>";"Микросотовый телефон DECT Panasonic KX-TCA275";"";"";"110-202-thickbox_small.jpg,110-202-thickbox_medium.jpg,110-202-thickbox.jpg";"110-203-thickbox_small.jpg,110-203-thickbox_medium.jpg,110-203-thickbox.jpg";"";"";"";"";"";"";"";"";""
"1004_111";"Радиотелефон DECT Siemens Gigaset SL785";"304.00";100;"<p>Стильный и удобный телефон в металлическом корпусе. Встроенный автоответчик с записью на 45 минут. Гарнитура с Bluetooh® и дуплексный режим hands-free. Большой цветной TFT-дисплей с инновационным интерфейсом. Технология ECO Mode Plus с режимом нулевой передачи. Адресная книга на 500 записей. Возможность обмена данными из адресной книги через Bluetooth® с мобильными телефонами. Индикация номера. Синхронизация с компьютером через Bluethooth®/USB. Возможна регистрация до 6 трубок.</p>";"<p>Стильный и удобный телефон в металлическом корпусе.</p>";"Радиотелефон DECT Siemens Gigaset SL785";"";"";"111-204-thickbox_small.jpg,111-204-thickbox_medium.jpg,111-204-thickbox.jpg";"";"";"";"";"";"";"";"";"";""
0;;Маленькая;;;;;;;;;;;;;;;;
"1005_14";"Миксер Vitesse VS-240";"50.00";100;"<p>Основное</p><p>Тип: Ручной</p><p>Мощность (Вт): 300</p><p>Число скоростей: 3</p><p>Возможности использования</p><p>Турборежим: Нет</p><p>Импульсный режим: Да</p><p>Вращение чаши: Нет</p><p>Насадки</p><p>Количество насадок: 2</p><p>Универсальный измельчитель: Нет</p><p>Венчик для взбивания: Да</p><p>Насадка для приготовления пюре: Нет</p><p>Крюки для замешивания теста: Да</p><p>Насадка-блендер: Нет</p><p>Конструкция</p><p>Материал корпуса: Пластик</p><p>Приспособление для хранения насадок: Нет</p><p>Кнопка отсоединения насадок: Да</p><p>Прорезиненная ручка: Нет</p><p>Защитная крышка на чашу: Нет</p><p>Приспособление для намотки шнура: Да</p>";"<p>Основное</p><p>Тип: Ручной</p><p>Мощность (Вт): 300</p><p>Число скоростей: 3</p>";"Миксер Vitesse VS-240";"";"";"14-27-thickbox_small.jpg,14-27-thickbox_medium.jpg,14-27-thickbox.jpg";"";"";"";"";"";"";"";"";"";""
0;;Средняя;;;;;;;;;;;;;;;;
"1006_15";"Духовой шкаф Gorenje BO87KR";"1300.00";100;"<p>Независимый встраиваемый духовой шкаф шириной 60 см и объемом 64 литра. Электронный сенсорный программный модуль с температурным зондом. Светодиодная подсветка MoodLite с выбором 7 цветов. Часы. Будильник. 8 программ, установленные производителем по типу продукта. Возможность создания 3 собственных программ. Звуковой сигнал. Сплошное застекление дверцы духовки. Откидные верхние нагреватели. Блокировка от детей. Температурный сенсор. Защитное отключение.</p>";"<p>Независимый встраиваемый духовой шкаф шириной 60 см и объемом 64 литра. Электронный сенсорный программный модуль с температурным зондом. Светодиодная подсветка MoodLite с выбором 7 цветов.</p>";"Духовой шкаф Gorenje BO87KR";"";"";"15-28-thickbox_small.jpg,15-28-thickbox_medium.jpg,15-28-thickbox.jpg";"15-29-thickbox_small.jpg,15-29-thickbox_medium.jpg,15-29-thickbox.jpg";"";"";"";"";"";"";"";"";""
"1006_24";"Универсальная коляска LONEX Classic Retro";"432.00";100;"<p>Универсальная коляска с люлькой из натуральной лозы для детей до 6 месяцев. Коляска состоит из съемной люльки и прогулочного блока. Ресорная амортизация на 4-х колесах. Колеса на выбор: диаметр 40 см - резиновые повышенной износостойкости не надувные, диаметр 36 см - надувные. Диски хромированные. Прогулочный блок устанавливается на шасси в двух направлениях - лицом к себе или от себя. Спинка регулируется в 4-х положениях до горизонтального. Имеются пятиточечные ремни безопасности с мягкими накладками и ограничительный бампер. Регулируемая подножка. В комплект входит утепленный чехол на ножки, корзина для покупок, сумка для мамы, дождевик. Большой выбор цветов.</p>";"<p>Универсальная коляска с люлькой из натуральной лозы для детей до 6 месяцев.</p>";"Универсальная коляска LONEX Classic Retro";"";"";"24-50-thickbox_small.jpg,24-50-thickbox_medium.jpg,24-50-thickbox.jpg";"24-51-thickbox_small.jpg,24-51-thickbox_medium.jpg,24-51-thickbox.jpg";"24-52-thickbox_small.jpg,24-52-thickbox_medium.jpg,24-52-thickbox.jpg";"24-53-thickbox_small.jpg,24-53-thickbox_medium.jpg,24-53-thickbox.jpg";"24-54-thickbox_small.jpg,24-54-thickbox_medium.jpg,24-54-thickbox.jpg";"";"";"";"";"";""
0;;Большая;;;;;;;;;;;;;;;;
"1007_36";"Видеоняня Motorola MBP 35";"198.00";100;"<p>Цифровая видео-радионяня с большим 3.5 дюймовым LCD дисплеем. Режим ночного видения. Режим сна для сохранения заряда. Большая зона приема с предупреждением о выходе из зоны приема. Позволяет присматривать за ребенком на расстоянии до 150 метров. Чистый звук с индикатором громкости. Цифровой термометр. Высокочувствительный микрофон. Связь в обе стороны. Пять колыбельных. Заряжаемый аккумулятор./p></p>";"<p>Цифровая видео-радионяня с большим 3.5 дюймовым LCD дисплеем. Режим ночного видения. Режим сна для сохранения заряда.</p>";"Видеоняня Motorola MBP 35";"";"";"36-81-thickbox_small.jpg,36-81-thickbox_medium.jpg,36-81-thickbox.jpg";"";"";"";"";"";"";"";"";"";""
"1007_43";"Электрокамин Dimplex Mozart";"700.00";100;"<p>Электрический очаг с порталами в сборе эффектом пламени Optiflame. Регулируемая мощность обогрева 1-2 кВт. Возможность работы без обогрева. Цвет портала - белый.</p>";"<p>Электрический очаг с порталами в сборе эффектом пламени Optiflame. Регулируемая мощность обогрева 1-2 кВт. Возможность работы без обогрева. Цвет портала - белый.</p>";"Электрокамин Dimplex Mozart";"";"";"43-94-thickbox_small.jpg,43-94-thickbox_medium.jpg,43-94-thickbox.jpg";"";"";"";"";"";"";"";"";"";""
"1007_41";"Гладильная доска Gimi Temper Drop";"65.00";100;"<p>Гладильная доска имеет специальное место для утюга. Ножки из крашеной стальной трубки (диаметром 22 и 32 мм) овальной в сечении, что даёт дополнительную устойчивость. Держатель для электрического кабеля от утюга. Чехол гладильной доски из 100 % хлопка с подкладкой из мягкого нетканого материала. Поверхность гладильной доски выполнена в виде сетки, что позволяет свободно пропускать пар от утюга. Форма стола скошенная для удобного разглаживания белья в труднодоступных местах. Гладильная доска легко складывается, занимает мало места в сложенном состоянии. Большая рабочая поверхность гладильной доски позволяет гладить не только рубашки, мужские брюки, но и постельное бельё. Высота гладильной доски может свободно регулироваться. Устойчива и прочна.</p>";"<p>Гладильная доска имеет специальное место для утюга. Ножки из крашеной стальной трубки (диаметром 22 и 32 мм) овальной в сечении, что даёт дополнительную устойчивость.</p>";"Гладильная доска Gimi Temper Drop";"";"";"41-92-thickbox_small.jpg,41-92-thickbox_medium.jpg,41-92-thickbox.jpg";"";"";"";"";"";"";"";"";"";""
0;;Очень большая;;;;;;;;;;;;;;;;
"1008_61";"Бензопила цепная Stihl MS 660";"1100.00";100;"<p>Очень мощная пила, расчитана на экстремальные нагрузки, крайне прочна. Превосходно подходит для эффективной рубки толстомерного леса. Боковое устройство натяжения цепи, компенсатор, замок для бака, не требующий инструмента, декомпрессионный клапан.</p>";"<p>Очень мощная пила, расчитана на экстремальные нагрузки, крайне прочна.</p>";"Бензопила цепная Stihl MS 660";"";"";"61-112-thickbox_small.jpg,61-112-thickbox_medium.jpg,61-112-thickbox.jpg";"";"";"";"";"";"";"";"";"";""
"1008_71";"Электрорубанок Metabo Ho Е 0983";"539.00";100;"<p>Упор направляющей для наклонного строгания под углом до 45 градусов, поворотный патрубок для выталкивания стружки. Пониженное число оборотов для уменьшение шума на холостом ходу, полноволновая электроника для равномерного строгания, надежный прочный рубанок с длинной подошвой для широкого спектра применения. Твердосплавные ножи, легкая замена ножа благодаря кассетной системе, бесступенчатая регулировка глубины строгания и глубины фальца, плоско-фрезерованная подошва рубанка из алюминиевого литья под давлением.</p>";"<p>Упор направляющей для наклонного строгания под углом до 45 градусов, поворотный патрубок для выталкивания стружки.</p>";"Электрорубанок Metabo Ho Е 0983";"";"";"71-125-thickbox_small.jpg,71-125-thickbox_medium.jpg,71-125-thickbox.jpg";"";"";"";"";"";"";"";"";"";""
"1008_80";"Радиотелефон Dect Panasonic KX-TG8286";"272.00";100;"<p>Комплектация база, две трубки. Радиус действия в помещении / на открытой местности 50 / 300 м. Цифровой автоответчик, на 40 минут. Память последних 10 набранных номеров. Полифонические мелодии 20. Автодозвон, будильник, блокировка клавиатуры от случайного нажатия, разъем для гарнитуры. Ночной режим, избирательный звонок, тип дополнительных трубок KX-TGA828. Дисплей на базовом блоке, на трубке (цветной). Подсветка кнопок на трубке. Возможность настенного крепления. Наборное поле на базе. АОН/Caller ID, журнал на 50 номеров. Громкая связь (спикерфон). Внутренняя связь (интерком) между несколькими трубками. Конференц-связь (между базой, трубкой/трубками и внешним абонентом).</p>";"<p>Комплектация база, две трубки. Радиус действия в помещении / на открытой местности 50 / 300 м.</p>";"Радиотелефон Dect Panasonic KX-TG8286";"";"";"80-142-thickbox_small.jpg,80-142-thickbox_medium.jpg,80-142-thickbox.jpg";"80-143-thickbox_small.jpg,80-143-thickbox_medium.jpg,80-143-thickbox.jpg";"";"";"";"";"";"";"";"";""
"1008_72";"Мобильный телефон HTC Sensation XE";"800.00";100;"<p>Смартфон, выполненный в форм-факторе моноблок оснащен двухядерным процессором 1.5 ГГц и ОС Android 2.3. 4.3 дюймовый SLCD дисплей с разрешением 540 х 960 пикселей способный отображать до 16 млн. цветов. Встроенная память телефона 4 Гб. Слот для карт памяти формата microSD, microSDНС. Интерфейсы: Вluetooth, USB, Wi-Fi. Встроенный приемник GPS. Встроена 8-ми мегапиксельная камера с автофокусом, светодиодной вспышкой и функцией записи видео. Аудио разъем 3.5 мм. Аккумулятор емкостью 1730 мАч обеспечивает работу до 9 часов в режиме разговора, до 540 часов в режиме ожидания.</p>";"<p>Смартфон, выполненный в форм-факторе моноблок оснащен двухядерным процессором 1.5 ГГц и ОС Android 2.3. 4.3 дюймовый SLCD дисплей с разрешением 540 х 960 пикселей способный отображать до 16 млн. цветов.</p>";"Мобильный телефон HTC Sensation XE";"";"";"72-126-thickbox_small.jpg,72-126-thickbox_medium.jpg,72-126-thickbox.jpg";"72-127-thickbox_small.jpg,72-127-thickbox_medium.jpg,72-127-thickbox.jpg";"72-128-thickbox_small.jpg,72-128-thickbox_medium.jpg,72-128-thickbox.jpg";"72-129-thickbox_small.jpg,72-129-thickbox_medium.jpg,72-129-thickbox.jpg";"";"";"";"";"";"";""
"1008_3";"Кофеварка эспрессо KENWOOD ES 471";"400.00";100;"<p>Кофеварка эспрессо</p><p>Цвет Красный</p><p>Регулировка Кол-ва чашек, Крепости кофе</p><p>Индикатор уровня воды</p><p>Резервуар для воды Съёмный</p><p>Давление (бар) 15</p><p>Объём резервуара д/воды 1.5 л</p><p>Потребляемая мощность 1050 Вт</p><p>Дополнительные параметры:</p><p>Используемый кофемолотый / чалды</p><p>Нагреватель TermoGen.</p><p>Система подогрева чашек.</p><p>Подходит для использования фильтров ESE.</p><p>Профессиональный наконечник для вспенивания молока.</p><p>Возможность приготовления капуччино ручное приготовление</p><p>Индикатор контроля температуры.</p><p>Регулятор пара с покрытием SureGrip.</p><p>Съёмный лоток для капель.</p><p>Отсек для хранения шнура.</p>";"<p>Кофеварка эспрессо</p><p>Цвет Красный</p><p>Регулировка Кол-ва чашек, Крепости кофе</p>";"Кофеварка эспрессо KENWOOD ES 471";"";"";"3-5-thickbox_small.jpg,3-5-thickbox_medium.jpg,3-5-thickbox.jpg";"";"";"";"";"";"";"";"";"";""
"1008_8";"Тостер KRUPS FEM2 ToastExpert";"80.00";100;"<p>Технические характеристикиМощность 1100 ВтКоличество отделений 2Количество тостов 2Тип управления механическоеРегулировка степени поджаривания есть, 8Кнопка отмены естьОсобенностиПоддон для крошек есть</p>";"<p>Технические характеристикиМощность 1100 ВтКоличество отделений 2Количество тостов 2Тип управления механическоеРегулировка степени поджаривания есть, 8Кнопка отмены естьОсобенностиПоддон для крошек есть</p>";"Тостер KRUPS FEM2 ToastExpert";"";"";"8-18-thickbox_small.jpg,8-18-thickbox_medium.jpg,8-18-thickbox.jpg";"8-19-thickbox_small.jpg,8-19-thickbox_medium.jpg,8-19-thickbox.jpg";"";"";"";"";"";"";"";"";""
"1008_16";"Сушилка для овощей и фруктов Energy EN-660";"70.00";100;"<p>Прибор для бережной сушки овощей, фруктов, грибов мощностью 450 Вт. Позволяет сохранять вкусовые качества продуктов, витамины и активные вещества. 4 съемных поддона, принудительная вентиляция, регулируемый термостат (60°- 75° С). Корпус изготовлен из пластика ABS, что позволяет защитить продукты от разрушительного воздействия солнечного света.</p>";"<p>Прибор для бережной сушки овощей, фруктов, грибов мощностью 450 Вт. Позволяет сохранять вкусовые качества продуктов, витамины и активные вещества.</p>";"Сушилка для овощей и фруктов Energy EN-660";"";"";"16-30-thickbox_small.jpg,16-30-thickbox_medium.jpg,16-30-thickbox.jpg";"";"";"";"";"";"";"";"";"";""
"1008_17";"Электрический чайник Stadler Form SFK.808";"160.00";100;"<p>Электрочайник емкостью 1.8 литра в стеклянном корпусе с закрытым нагревательным элементом. Стеклянная колба Duran Schott и голубая подсветка превратят процесс закипания воды в волшебное зрелище. Мощность 2200 Вт обеспечит быстрое закипание, а центральный контакт - поворот на 360 градусов и удобную эксплуатацию. Чайник оснащен съемным фильтром-сеткой, для безопасного использования предусмотрена блокировка крышки. Основание, ручка и крышка чайника изготовлены из прочного пластика. Электрический шнур убирается в специальный отсек.</p>";"<p>Электрочайник емкостью 1.8 литра в стеклянном корпусе с закрытым нагревательным элементом. Стеклянная колба Duran Schott и голубая подсветка превратят процесс закипания воды в волшебное зрелище.</p>";"Электрический чайник Stadler Form SFK.808";"";"";"17-31-thickbox_small.jpg,17-31-thickbox_medium.jpg,17-31-thickbox.jpg";"17-32-thickbox_small.jpg,17-32-thickbox_medium.jpg,17-32-thickbox.jpg";"17-33-thickbox_small.jpg,17-33-thickbox_medium.jpg,17-33-thickbox.jpg";"17-34-thickbox_small.jpg,17-34-thickbox_medium.jpg,17-34-thickbox.jpg";"17-35-thickbox_small.jpg,17-35-thickbox_medium.jpg,17-35-thickbox.jpg";"";"";"";"";"";""
"1008_10";"Сэндвичница Eta 3151";"70.00";100;"<p>Сэндвичница мощностью 650 Вт со сменными панелями три в одной - сэндвичница, контактный гриль и вафельница. Панели с качественным противопригарным покрытием просто и быстро заменяются, температура автоматически регулируется термостатом. Световая сигнализация для удобства приготовления (красный световой индикатор загорается при подключении к сети, зеленый - при достижении необходимой температуры). Для безопасного использования корпус в теплоизоляционной обшивке, ручки прибора с фиксатором также изолированы и устойчивы к нагреву. Цвет корпуса - черный со вставками из нержавеющей стали.</p>";"<p>Сэндвичница мощностью 650 Вт со сменными панелями три в одной - сэндвичница, контактный гриль и вафельница.</p>";"Сэндвичница Eta 3151";"";"";"10-21-thickbox_small.jpg,10-21-thickbox_medium.jpg,10-21-thickbox.jpg";"10-22-thickbox_small.jpg,10-22-thickbox_medium.jpg,10-22-thickbox.jpg";"";"";"";"";"";"";"";"";""
"1008_6";"Пароварка BORK FS ECP 98100 BK";"175.00";100;"<p>Общие характеристики:</p><p>Количество ярусов 3</p><p>Тип управления электронное</p><p>Максимальная потребляемая мощность 1000 Вт</p><p>Индикация включения есть</p><p>Функции:</p><p>Автоприготовление есть, рецептов - 6</p><p>Термостат есть</p><p>Отсрочка старта есть</p><p>Конструкция</p><p>Материал корпуса пластик</p><p>Материал паровых корзин прозрачный пластик</p><p>Объем резервуара для воды 1.5 л</p><p>Чаша для риса есть, на 1.9 л</p><p>Индикатор уровня воды есть</p><p>Съемные решетки есть</p><p>Дисплей есть</p><p>Долив воды во время приготовления есть</p><p>Особенности:</p><p>Габариты (ШхВхГ) 35x41x25 см</p><p>Вес 2.68 кг</p><p>Длина сетевого шнура 1 м</p>";"<p>Общие характеристики</p><p>Количество ярусов 3</p><p>Тип управления электронное</p><p>Максимальная потребляемая мощность 1000 Вт</p><p>Индикация включения есть</p>";"Пароварка BORK FS ECP 98100 BK";"";"";"6-13-thickbox_small.jpg,6-13-thickbox_medium.jpg,6-13-thickbox.jpg";"";"";"";"";"";"";"";"";"";""
"1008_27";"Детская кроватка-трансформер Гандылян Тереза";"370.00";100;"<p>Кроватка-трансформер совмещает себе функции кроватки для новорожденных и кровати для дошкольников. Боковое ограждение опускается или снимается. Комод может использоваться в качестве пеленального столика. Он оснащен тремя объемными выдвижными ящиками с открытыми полочками для мелочей. Ложе может устанавливать на одном из двух уровнях. Два выдвижных ящика для белья. Цвет: натуральный, вишня, орех, махагон, белый, слоновая кость. Размеры кроватки: 67 x 129 х 101 см. Размеры комода: 49.5 x 70 x 70.5 см.</p>";"<p>Кроватка-трансформер совмещает себе функции кроватки для новорожденных и кровати для дошкольников. Боковое ограждение опускается или снимается. Комод может использоваться в качестве пеленального</p>";"Детская кроватка-трансформер Гандылян Тереза";"";"";"27-59-thickbox_small.jpg,27-59-thickbox_medium.jpg,27-59-thickbox.jpg";"27-60-thickbox_small.jpg,27-60-thickbox_medium.jpg,27-60-thickbox.jpg";"27-61-thickbox_small.jpg,27-61-thickbox_medium.jpg,27-61-thickbox.jpg";"27-62-thickbox_small.jpg,27-62-thickbox_medium.jpg,27-62-thickbox.jpg";"27-63-thickbox_small.jpg,27-63-thickbox_medium.jpg,27-63-thickbox.jpg";"";"";"";"";"";""
"1008_35";"Термометр для ванной и помещений Philips AVENT SCH55020";"52.00";100;"<p>Точное измерение температуры. Не тонет в воде.</p><p>С помощью цифрового термометра для ванны и помещений Philips AVENT удобно контролировать температуру как в детской, так и в ванной. Кроме того, исследования доказали абсолютную безопасность данного прибора, который можно использовать как игрушку для ребенка в ванной.</p><p>Быстрый и надежный способ измерения температуры</p><p>• Для измерения температуры воды в ванне и воздуха в спальне.</p><p>Безопасен для игры</p><p>• Соответствует стандартам для игрушек и стандартам безопасности</p><p>• Не тонет в воде</p><p>Технические характеристики</p><p>Диапазон температур для работы 10 - 45 °C</p><p>Точность +/-1 °C</p><p>Питание</p><p>Совместим с EN 71, ASTM F963-96a Technical</p><p>Тип элемента питания LR44</p><p>Количество батарей 2</p><p>Съемный/ сменный Да</p><p>Аксессуары</p><p>Руководство пользователя Да</p><p>Страна-бренд: Голландия</p><p>Производитель: Польша, Китай, Турция, Индия, Венгрия, Филипины</p>";"<p>Точное измерение температуры. Не тонет в воде.</p><p>С помощью цифрового термометра для ванны и помещений Philips AVENT удобно контролировать температуру как в детской, так и в ванной. Кроме того, исследования доказали абсолютную безопасность данного прибора, который можно использовать как игрушку для ребенка в ванной.</p>";"Термометр для ванной и помещений Philips AVENT SCH55020";"";"";"35-80-thickbox_small.jpg,35-80-thickbox_medium.jpg,35-80-thickbox.jpg";"";"";"";"";"";"";"";"";"";""
"1008_40";"Ходунки Chicco Dance 79091";"139.00";100;"<p>Xодунки с огромным количеством световых и звуковых эффектов и подключением mp3-плеера. Три звуковых режима: 5 веселых мелодий, 5 звуков инструментов, 5 звукоподражательных функций. Высокая спинка стульчика для поддержания спины ребенка в ровном состоянии. 6 фиксаторов, которые останавливают ходунки при столкновении с порогом. Сиденье имеет 3 положения высоты. Съемный чехол легко стирается. Размер: 79х66х47 см.</p>";"<p>Xодунки с огромным количеством световых и звуковых эффектов и подключением mp3-плеера.</p>";"Ходунки Chicco Dance 79091";"";"";"40-88-thickbox_small.jpg,40-88-thickbox_medium.jpg,40-88-thickbox.jpg";"40-89-thickbox_small.jpg,40-89-thickbox_medium.jpg,40-89-thickbox.jpg";"40-90-thickbox_small.jpg,40-90-thickbox_medium.jpg,40-90-thickbox.jpg";"40-91-thickbox_small.jpg,40-91-thickbox_medium.jpg,40-91-thickbox.jpg";"";"";"";"";"";"";""
"1008_32";"Пеленальный столик Cam Nuvola";"161.00";100;"<p>Пеленальный столик с ванночкой для купания. Система безопасности предотвращающая произвольное складывание. Две полочки для детских вещей. Изделие предназначено для детей от 0 до 12 месяцев. Различная цветовая гамма.</p>";"<p>Пеленальный столик с ванночкой для купания. Система безопасности предотвращающая произвольное складывание. Две полочки для детских вещей. Изделие предназначено для детей от 0 до 12 месяцев. Различная цветовая гамма.</p>";"Пеленальный столик Cam Nuvola";"";"";"32-74-thickbox_small.jpg,32-74-thickbox_medium.jpg,32-74-thickbox.jpg";"32-75-thickbox_small.jpg,32-75-thickbox_medium.jpg,32-75-thickbox.jpg";"32-76-thickbox_small.jpg,32-76-thickbox_medium.jpg,32-76-thickbox.jpg";"32-77-thickbox_small.jpg,32-77-thickbox_medium.jpg,32-77-thickbox.jpg";"";"";"";"";"";"";""
"1008_23";"Детские качели GRACO Swing'n'bounce";"230.00";100;"<p>Уникальная модель 2-в-1: качели + кресло качалка. 6 скоростей для использования в качестве качелей. 2 скорости для спокойного покачивания в кресле качалке. 3 положения наклона кресла. Снимаемый подголовник. Движущаяся карусель с 3 плюшевыми игрушками. Электронный блок с музыкой, звуками природы, таймер для автоматического отключения. Цвета: deimos, venus, greta.</p>";"<p>Уникальная модель 2-в-1: качели + кресло качалка.</p>";"Детские качели GRACO Swing'n'bounce";"";"";"23-47-thickbox_small.jpg,23-47-thickbox_medium.jpg,23-47-thickbox.jpg";"23-48-thickbox_small.jpg,23-48-thickbox_medium.jpg,23-48-thickbox.jpg";"23-49-thickbox_small.jpg,23-49-thickbox_medium.jpg,23-49-thickbox.jpg";"";"";"";"";"";"";"";""
"1008_42";"Печь для бани Термофор Калина";"1230.00";100;"<p>Дровяная печь-камин премиум-класса. Большой светопрозрачный экран, расширяющийся топливный канал и широкий топливник позволяют комфортно обозревать пламя под разными углами зрения. Оригинальный лабиринтный газоход обеспечивает мощный скоростной нагрев парилки объемом до 24 кубических метров и качественный прогрев каменной закладки массой около 100 килограммов. Встроенный теплообменник позволяет нагревать воду в выносном баке, размещенном в смежном помещении.</p>";"<p>Дровяная печь-камин премиум-класса. Большой светопрозрачный экран, расширяющийся топливный канал и широкий топливник позволяют комфортно обозревать пламя под разными углами зрения.</p>";"Печь для бани Термофор Калина";"";"";"42-93-thickbox_small.jpg,42-93-thickbox_medium.jpg,42-93-thickbox.jpg";"";"";"";"";"";"";"";"";"";""
"1008_49";"Шезлонг Canadian Camper 68014";"190.00";100;"<p>СС-68014 - одно из самых лучших кресел для отдыха за городом на лоне природы.</p><p>Регулируемые по высоте подушка-подголовник кресла и патентованная система наклона спинки, позволит подобрать наиболее удобное для вас положение.</p><p>Сетчатая структура стойкого к ультрафиолетовому излучению материал кресла – HD TEXTILENE - обеспечит максимальный комфорт даже в летнюю жару. Также этот материал почти не впитывает влагу и моментально сохнет.</p><p>Пластмас, из которого сделаны подлокотники кресла, не только придает «шарм» креслу, но и обеспечивает приятные тактильные ощущения. Прочный стальной каркас кресла выдерживает нагрузку до 120 кг.</p><p>Меняется положение при помощи тела человека , в подлокотниках есть два фиксатора для наиболее удобного принятия положения.</p><p>Транспортировочное положение , положение для хранения , минимум занимаемой площади</p>";"<p>СС-68014 - одно из самых лучших кресел для отдыха за городом на лоне природы.</p><p>Регулируемые по высоте подушка-подголовник кресла и патентованная система наклона спинки, позволит подобрать наиболее удобное для вас положение.</p>";"Шезлонг Canadian Camper 68014";"";"";"49-101-thickbox_small.jpg,49-101-thickbox_medium.jpg,49-101-thickbox.jpg";"";"";"";"";"";"";"";"";"";""
"1008_47";"Светильник на зеркало K-26 MARTA тюльпан";"26.00";100;"<p>Цвет: хром 230V E14 Max 40WТорговая марка: MARTA Производство: Польша</p>";"<p>Цвет: хром 230V E14 Max 40WТорговая марка: MARTA Производство: Польша</p>";"Светильник на зеркало K-26 MARTA тюльпан";"";"";"47-98-thickbox_small.jpg,47-98-thickbox_medium.jpg,47-98-thickbox.jpg";"";"";"";"";"";"";"";"";"";""
"1008_53";"Бетономешалка Power Tec BWE180/140";"320.00";100;"<p>Бетономешалка с загрузкой и выгрузкой с обеих сторон. Выгрузка на высоте тележки. Ёмкость барабана: 180 л. Рабочая ёмкость: 140 л. Производительность: 1,1 м3/ч. Мощность двигателя: 0,55-0,75 кВт. Вес: 73 кг.</p>";"<p>Бетономешалка с загрузкой и выгрузкой с обеих сторон. Выгрузка на высоте тележки. Ёмкость барабана: 180 л. Рабочая ёмкость: 140 л. Производительность: 1,1 м3/ч. Мощность двигателя: 0,55-0,75 кВт. Вес: 73 кг.</p>";"Бетономешалка Power Tec BWE180/140";"";"";"53-105-thickbox_small.jpg,53-105-thickbox_medium.jpg,53-105-thickbox.jpg";"";"";"";"";"";"";"";"";"";""
"1008_65";"Пылесос промышленный FA-SA DOMINO 78 inox";"785.00";100;"<p>2 тихих двухстадийных двигателя (Domino), металлические профессиональные закрывающие замки, поплавковый клапан, полностью снимаемая верхняя часть, защита от статического электричества, силовой кабель 7 м, легко снимается основа (во время очистки фильтра), всасывающая система с байпасным охлаждением, ударопрочная тележка устойчивая к воздействию химикатов и высоких температур.</p>";"<p>2 тихих двухстадийных двигателя (Domino), металлические профессиональные закрывающие замки</p>";"Пылесос промышленный FA-SA DOMINO 78 inox";"";"";"65-116-thickbox_small.jpg,65-116-thickbox_medium.jpg,65-116-thickbox.jpg";"";"";"";"";"";"";"";"";"";""
"1008_62";"Бензорез Stihl TS 700";"1800.00";100;"<p>Ручной бензорез для пиления металла, бетона и асфальта. Мощность: 5 кВт. Трехступенчатая фильтрующая система. Система ElastoStart+ и антивибрационная система. Полуавтоматическое натяжение ремня.</p>";"<p>Ручной бензорез для пиления металла, бетона и асфальта.</p>";"Бензорез Stihl TS 700";"";"";"62-113-thickbox_small.jpg,62-113-thickbox_medium.jpg,62-113-thickbox.jpg";"";"";"";"";"";"";"";"";"";""
"1008_60";"Сварочный генератор EUROPOWER EP-200X2";"2469.00";100;"<p>Сварочный генератор производится на базе четырехтактного бензинового двигателя с воздушным охлаждением HONDA GX390. Предназначен для использования в качестве автономного источника питания и для ручной дуговой сварки постоянным током. Возможность работы в двух режимах - сварочного аппарата и электростанции. Максимальный сварочный ток: 200 A. Номинальный сварочный ток: 140 A. Мощность однофазного (230В) тока, кВт: 4. Диаметр электрода: до 4 мм (включительно). Расход: 2.7 л/ч. Объем бака: 6.5 л. Стартер: ручной. Уровень шума: 74 дБ.</p>";"<p>Сварочный генератор производится на базе четырехтактного бензинового двигателя с воздушным охлаждением HONDA GX390.</p>";"Сварочный генератор EUROPOWER EP-200X2";"";"";"60-111-thickbox_small.jpg,60-111-thickbox_medium.jpg,60-111-thickbox.jpg";"";"";"";"";"";"";"";"";"";""
"1008_63";"Ручная циркулярная пила Metabo KS 54";"190.00";100;"<p>Поворотный штуцер для подсоединения к внешней системе отсоса опилок. Корпус механизма привода, выполненный из алюминия методом литья под давлением. Механизм изменения угла наклона пропила в пределах 0 - 45 градусов. Механический тормоз, защита от перегрузки. Новый тип более быстроходных тонких пильных дисков, хорошо видна линия резания, эргономический дизайн.</p>";"<p>Поворотный штуцер для подсоединения к внешней системе отсоса опилок. Корпус механизма привода, выполненный из алюминия методом литья под давлением.</p>";"Ручная циркулярная пила Metabo KS 54";"";"";"63-114-thickbox_small.jpg,63-114-thickbox_medium.jpg,63-114-thickbox.jpg";"";"";"";"";"";"";"";"";"";""
"1008_58";"Маятниковый лобзик с электроникой Metabo STEB 135";"300.00";100;"<p>Энергичный распил в деревянной заготовке толщиной до 135 мм. Легкая и быстрая замена пильного диска, низко расположенный опорный ролик пильного полотна, быстрая фиксация направляющей панели для наклонного распила. Оптимальное удобство обращения благодаря эргономичному дизайну, прорезиненная рукоятка-скоба, устройство воздуходува, обеспечивающее просматриваемость области резания.</p>";"<p>Энергичный распил в деревянной заготовке толщиной до 135 мм.</p>";"Маятниковый лобзик с электроникой Metabo STEB 135";"";"";"58-110-thickbox_small.jpg,58-110-thickbox_medium.jpg,58-110-thickbox.jpg";"";"";"";"";"";"";"";"";"";""
"1008_54";"Виброплита Сплитстоун VS-244";"2000.00";100;"<p>Виброплита предназначена для уплотнения асфальтобетонной смеси, грунта, щебня, песка. Идеальна при ремонте дорог, благоустройстве территории, устройстве фундаментов и инженерных сетей. Производительность виброплиты, м2/час 140. Эксплуатационная масса: 90 кг.</p>";"<p>Виброплита предназначена для уплотнения асфальтобетонной смеси, грунта, щебня, песка.</p>";"Виброплита Сплитстоун VS-244";"";"";"54-106-thickbox_small.jpg,54-106-thickbox_medium.jpg,54-106-thickbox.jpg";"";"";"";"";"";"";"";"";"";""
"1008_77";"Автомобильная громкая связь NEON BTHF009Dsp";"30.00";100;"<p>Комплект беспроводной громкой связи NEON поддерживает функции Определитель номера, Голосовой набор, Повторный набор последнего номера, Отложенный звонок  и Переключение вызова. Переключение между функциями осуществляется при помощи многофункциональной клавиши, размещенной на лицевой панели. Версия BLUETOOTH: 2.0. Поддержка профилей: Наушники и Handsfree. Рабочее расстояние: 10 м (класс 2). Экран LCD отображает номер звонящего из 12 цифр. Шумоподавления и устранение эха.</p>";"<p>Комплект беспроводной громкой связи NEON поддерживает функции Определитель номера, Голосовой набор, Повторный набор последнего номера, Отложенный звонок  и Переключение вызова.</p>";"Автомобильная громкая связь NEON BTHF009Dsp";"";"";"77-137-thickbox_small.jpg,77-137-thickbox_medium.jpg,77-137-thickbox.jpg";"";"";"";"";"";"";"";"";"";""
"1008_81";"Радиотелефон DECT Siemens Gigaset S675";"203.00";100;"<p>Телефон с цветным дисплеем и 15 полифоническими мелодиями. Конференц-связь, автодозвон, автоответчик на 40 минут с дистанционным управлением с другого телефона, блокировка клавиатуры, идентификатор на 30 номеров, ответ поднятием трубки с базы, разъём для гарнитуры, уведомление о пропущенных вызовах с помощью SMS, экономичный режим, SMS. Стандарты DECT/GAP. Радиус действия в помещении до 50 метров, на открытой местности до 300. Возможно подключение до 6 трубок к одной базе и 4 баз к одной трубке.</p>";"<p>Телефон с цветным дисплеем и 15 полифоническими мелодиями.</p>";"Радиотелефон DECT Siemens Gigaset S675";"";"";"81-144-thickbox_small.jpg,81-144-thickbox_medium.jpg,81-144-thickbox.jpg";"";"";"";"";"";"";"";"";"";""
"1008_86";"Проводной телефон TeXet TX-223 Кабинет";"130.00";100;"<p>Исполнение корпуса из натурального дерева. Регулировка уровня громкости вызывного акустического сигнала.</p>";"<p>Исполнение корпуса из натурального дерева. Регулировка уровня громкости вызывного акустического сигнала.</p>";"Проводной телефон TeXet TX-223 Кабинет";"";"";"86-151-thickbox_small.jpg,86-151-thickbox_medium.jpg,86-151-thickbox.jpg";"";"";"";"";"";"";"";"";"";""
"1008_73";"Мобильный телефон LG KG810";"260.00";100;"<p>Качественный материал корпуса, выбор черного цвета, сдержанность, знающая себе цену. Этот имиджевый аксессуар обладает достаточной мультимедийной мощью. Сенсорные клавиши. TFT дисплей, отображающий 262000 цветов. 64-х голосная полифония. Встроенная 1.3 мегапиксельная камера. Прием и отправка SMS, EMS, MMS, E-mail. МР3/AAC/MP4 плеер. FM-радио. Bluetooth.</p>";"<p>Качественный материал корпуса, выбор черного цвета, сдержанность, знающая себе цену.</p>";"Мобильный телефон LG KG810";"";"";"73-130-thickbox_small.jpg,73-130-thickbox_medium.jpg,73-130-thickbox.jpg";"73-131-thickbox_small.jpg,73-131-thickbox_medium.jpg,73-131-thickbox.jpg";"73-132-thickbox_small.jpg,73-132-thickbox_medium.jpg,73-132-thickbox.jpg";"73-133-thickbox_small.jpg,73-133-thickbox_medium.jpg,73-133-thickbox.jpg";"";"";"";"";"";"";""
"1008_84";"Цифровой системный телефон LG-Nortel LDP-7016D";"175.00";100;"<p>Системный телефон с 16 программируемыми клавишами со световой индикацией. Трехстрочный информационный дисплей. 3 контекстные клавиши. Клавиши быстрой навигации. Спикерфон (громкая связь). Поддержка дочерних модулей. Световой индикатор вызова./p></p>";"<p>Системный телефон с 16 программируемыми клавишами со световой индикацией. Трехстрочный информационный дисплей. 3 контекстные клавиши. Клавиши быстрой навигации. Спикерфон (громкая связь). Поддержка дочерних модулей. Световой индикатор вызова./p></p>";"Цифровой системный телефон LG-Nortel LDP-7016D";"";"";"84-148-thickbox_small.jpg,84-148-thickbox_medium.jpg,84-148-thickbox.jpg";"84-149-thickbox_small.jpg,84-149-thickbox_medium.jpg,84-149-thickbox.jpg";"";"";"";"";"";"";"";"";""
"1008_85";"Цифровая системная консоль PANASONIC KX-T7440";"97.00";100;"<p>Консоль для цифровых системных телефонов Panasonic включает 66 программируемых кнопок прямого выбора абонента, 66 кнопок поля индикаторов занятости линии.</p>";"<p>Консоль для цифровых системных телефонов Panasonic включает 66 программируемых кнопок прямого выбора абонента, 66 кнопок поля индикаторов занятости линии.</p>";"Цифровая системная консоль PANASONIC KX-T7440";"";"";"85-150-thickbox_small.jpg,85-150-thickbox_medium.jpg,85-150-thickbox.jpg";"";"";"";"";"";"";"";"";"";""
"1008_79";"Радиостанция Motorola TLKR-T4";"40.00";100;"<p>Простая, компактная и легкая рация дальность до 6 км (в зависимости от рельефа местности и условий). Бесплатные звонки. 8 каналов. Сканирование/мониторинг. ЖК-дисплей. Клипса на ремень и петля для ношения. Блокировка клавиатуры. Индикатор заряда батареи. Мощность передатчика 0.5 Вт. 1 мелодия вызова. Звуки клавиатуры.</p>";"<p>Простая, компактная и легкая рация дальность до 6 км (в зависимости от рельефа местности и условий).</p>";"Радиостанция Motorola TLKR-T4";"";"";"79-141-thickbox_small.jpg,79-141-thickbox_medium.jpg,79-141-thickbox.jpg";"";"";"";"";"";"";"";"";"";""
"1008_75";"Bluetooth гарнитура Plantronics Voyager 835";"75.00";100;"<p>Гарнитура сочетает в себе сразу три технологии шумоподавления, которые в совокупности обеспечивают идеальную ясность и естественное звучание голоса в обоих направлениях. Технология Multipoint позволяет использовать данную гарнитуру для работы сразу с двумя Bluetooth устройствами. Работает до 5 часов в режиме разговора и до 7 дней в режиме ожидания. В комплекте с гарнитурой поставляется зарядное устройство от сети, а также уникальное автомобильное зарядное устройство.</p>";"<p>Гарнитура сочетает в себе сразу три технологии шумоподавления, которые в совокупности обеспечивают идеальную ясность и естественное звучание голоса в обоих направлениях.</p>";"Bluetooth гарнитура Plantronics Voyager 835";"";"";"75-135-thickbox_small.jpg,75-135-thickbox_medium.jpg,75-135-thickbox.jpg";"";"";"";"";"";"";"";"";"";""
"1008_19";"Газовая плита Ardo D662 RNS";"840.00";100;"<p>Тип плиты газовая</p><p>Тип духовки газовая</p><p>Цвет чёрный</p><p>Высота, cм 85</p><p>Ширина, см 60</p><p>Глубина, cм 60</p><p>Количество конфорок (газ+электро) 4+0</p><p>Газ-контроль конфорок есть</p><p>Газ-контроль духовки и гриля есть</p><p>Тип решеток чугун</p><p>Гриль газовый</p><p>Вертел есть</p><p>Электроподжиг автоматический</p><p>Подсветка есть</p><p>Термостат есть</p><p>Двойное стекло дверей духовки есть</p><p>Объем духовки, л 56</p>";"<p>Тип плиты газовая</p><p>Тип духовки газовая</p><p>Цвет чёрный</p>";"Газовая плита Ardo D662 RNS";"";"";"19-40-thickbox_small.jpg,19-40-thickbox_medium.jpg,19-40-thickbox.jpg";"19-41-thickbox_small.jpg,19-41-thickbox_medium.jpg,19-41-thickbox.jpg";"";"";"";"";"";"";"";"";""
"1008_1";"Аэрогриль VES 797";"100.00";100;"<p>Аэрогриль ves 797 – компактный и функциональный прибор с регулируемым термостатом. Объем чаши аэрогриля механического ves 797 составляет 12 литров, при использовании расширительного кольца он увеличивается до 17 литров. Аэрогриль оборудован устройством защиты от включения и автоматически отключается при поднятии ручки на 90 градусов.</p><p>Содержит галогенный нагревательный элемент, сокращающий срок приготовления пищи в несколько раз. Аэрогриль ves 797 имеет корпус, изготовленный из термостойкого стекла. База аэрогриля – с металлическим основанием. Таймер аэрогриля рассчитан на 60 минут.</p><p>Мощность аэрогриля ves 797 составляет 1350 Вт. В нем предусмотрена функция автоматической чистки и мойки. Гарантийный срок службы аэрогриля ves 797 – 1 год.</p><p>Набор аксессуаров аэрогриля: расширительное кольцо, двойная решетка, подставка под крышку, пароварка.</p>";"<p>Аэрогриль ves 797 – компактный и функциональный прибор с регулируемым термостатом. Объем чаши аэрогриля механического ves 797 составляет 12 литров, при использовании расширительного кольца он увеличивается до 17 литров. Аэрогриль оборудован устройством защиты от включения и автоматически отключается при поднятии ручки на 90 градусов.</p>";"Аэрогриль VES 797";"";"";"1-2-thickbox_small.jpg,1-2-thickbox_medium.jpg,1-2-thickbox.jpg";"";"";"";"";"";"";"";"";"";""
"1008_13";"Посудомоечная машина Siemens SN 26 T 552 EU";"1490.00";100;"<p>Посудомоечная машина с электронным управлением на 13 комплектов посуды. 6 программ. Cенсорные клавиши панели управления. Акустический сигнал окончания хода программы. Tаймер запуска с установкой от 1 до 24 ч. Электронные индикаторы наличия соли и ополаскивателя. Переставляемый по высоте верхний короб. Датчик загрузки. Автоматическая функция «3 в 1». Электроника регенерирования. Tехнология попеременной подачи воды. Cистема защиты стеклянной посуды. Tеплообменник. Mеханическая блокировка от детей. Защита от протечек. Проточный водонагреватель, совмещенный с помпой. Цвет: серебристый.</p>";"<p>Посудомоечная машина с электронным управлением на 13 комплектов посуды. 6 программ. Cенсорные клавиши панели управления. Акустический сигнал окончания хода программы. Tаймер запуска с установкой от 1 до 24 ч.</p>";"Посудомоечная машина Siemens SN 26 T 552 EU";"";"";"13-26-thickbox_small.jpg,13-26-thickbox_medium.jpg,13-26-thickbox.jpg";"";"";"";"";"";"";"";"";"";""
"1008_33";"Комплект детского постельного белья в кроватку Грибок-теремок арт.758";"190.00";100;"<p>Комплект в кроватку Грибок-теремок арт.758</p><p>-Бортик (по всему периметру кроватки, высота 50см)</p><p>-Балдахин (нежная вуаль, 170x300см)</p><p>-Наволочка</p><p>-Пододеяльник</p><p>-Простыня</p><p>-Одеяло (110x140см)</p><p>-Подушка (40x60см)</p><p>Ткань:</p><p>Высококачественный поплин, 100% хлопок безупречной выделки</p><p>Наполнитель:</p><p>Бортик: Поролон + Синтепон</p><p>Одеяло и подушка: Шерсть</p><p>Декор:</p><p>Вышивка на бортике и пододеяльнике</p><p>в комплект входит стойка к балдахину</p><p>отделка ручной работы шитьём, мягкими бантами и вышитой аппликацией</p><p>деликатные швы, рассчитанные на прикосновение к нежной коже ребёнка бельё полностью безопасно и гипоаллергенно</p><p>Страна происхождения - Россия</p>";"<p>Комплект в кроватку Грибок-теремок арт.758</p><p>-Бортик (по всему периметру кроватки, высота 50см)</p><p>-Балдахин (нежная вуаль, 170x300см)</p><p>-Наволочка</p><p>-Пододеяльник</p><p>-Простыня</p><p>-Одеяло (110x140см)</p><p>-Подушка (40x60см)</p>";"Комплект детского постельного белья в кроватку Грибок-теремок арт.758";"";"";"33-78-thickbox_small.jpg,33-78-thickbox_medium.jpg,33-78-thickbox.jpg";"";"";"";"";"";"";"";"";"";""
"1008_39";"Рюкзак-кенгуру GLOBEX КЕНГА";"20.00";100;"<p>Предназначен для детей от 2-х до 8 месяцев (до 7,7 кг). Рюкзачок имеет два положения для переноски младенца: лицом к маме и лицом вперед. Жесткое основание подголовника поддержит и защитит головку ребенка. Благодаря специальным застежкам рюкзачок растет вместе с ребенком. Широкие ремни с прокладкой. Упаковка - прочная яркая коробка с ручкой.</p>";"<p>Предназначен для детей от 2-х до 8 месяцев (до 7,7 кг). Рюкзачок имеет два положения для переноски младенца: лицом к маме и лицом вперед.</p>";"Рюкзак-кенгуру GLOBEX КЕНГА";"";"";"39-87-thickbox_small.jpg,39-87-thickbox_medium.jpg,39-87-thickbox.jpg";"";"";"";"";"";"";"";"";"";""
"1008_46";"Стол складной и 4 стула Tramp TRF-005";"160.00";100;"<p>Набор складной мебели для комфортного застолья на природе: стол увеличенного размера и четыре табурета с сиденьями из из полиэстера. Комплект собирается в компактный чемоданчик.</p><p>Размер стола: Дл124 х Шр62 х Вс70 см</p><p>Материал стола: алюминий</p><p>Материал столешницы: МДФ</p><p>Толщина трубки: 1 мм, диаметр: 25 мм</p><p>Стул: алюминий, полиэстер</p><p>Размеры стула: 36 х 28 х 38,5 см</p><p>Цвет стула: черный</p><p>Допустимая нагрузка на стол: 30 кг</p><p>Допустимая нагрузка на табуретку: 150 кг</p><p>Вес набора мебели: 7 кг</p><p>Оптимальный размер столешницы и дополнительные крепления с обратной стороны увеличивают прочность стола. Комплект собирается в чемоданчик. Имеет дополнительный чехол для транспортировки, что позволит избежать появления лишних царапин и дольше сохранит приглядный вид мебели.</p>";"<p>Набор складной мебели для комфортного застолья на природе: стол увеличенного размера и четыре табурета с сиденьями из из полиэстера. Комплект собирается в компактный чемоданчик.</p><p>Размер стола: Дл124 х Шр62 х Вс70 см</p>";"Стол складной и 4 стула Tramp TRF-005";"";"";"46-97-thickbox_small.jpg,46-97-thickbox_medium.jpg,46-97-thickbox.jpg";"";"";"";"";"";"";"";"";"";""
"1008_67";"Аккумуляторный степлер Bosch PTK 3,6 V";"110.00";100;"<p>Забивание гвоздей и скоб длиной до 14 мм с мощным аккумулятором 3,6 В. PowerLight - при помощи встроенного светодиода рабочая поверхность заготовки будет всегда освещённой. Безопасное остриё - выполнение удара только в рабочем положении. Фронтальное расположение острия степлера для крепления близко к кромке, механическая установка силы удара с помощью регулировочного колёсика в зависимости от обрабатываемого материала. Эргономичная рукоятка с мягкой накладкой для неутомительной работы. Указатель количества скоб.</p>";"<p>Забивание гвоздей и скоб длиной до 14 мм с мощным аккумулятором 3,6 В.</p>";"Аккумуляторный степлер Bosch PTK 3,6 V";"";"";"67-118-thickbox_small.jpg,67-118-thickbox_medium.jpg,67-118-thickbox.jpg";"67-119-thickbox_small.jpg,67-119-thickbox_medium.jpg,67-119-thickbox.jpg";"67-120-thickbox_small.jpg,67-120-thickbox_medium.jpg,67-120-thickbox.jpg";"67-121-thickbox_small.jpg,67-121-thickbox_medium.jpg,67-121-thickbox.jpg";"";"";"";"";"";"";""
"1008_68";"Станок для резки плитки (плиткорез) Диолд СП-1,2-250";"690.00";100;"<p>Станок для резки плитки СП-1,2-250 предназначен для прямой и наклонной резки плиток, сделанных из керамического и подобного материла и относится к изделиям бытового назначения. В качестве рабочего инструмента используется алмазный отрезной диск с наружным диаметром 250 мм, посадочным диаметром 25,4 мм и шириной 2,4 мм. Станок предназначен для эксплуатации в районах умеренного климата, исполнения У, при температуре окружающего воздуха от плюс 35°С до минус 15°С. Режим работы станка повторно-кратковременный - 15/5мин. (15 мин. - работа, 5 мин. - пауза) Мощность - 1200 Вт.</p>";"<p>Станок для резки плитки СП-1,2-250 предназначен для прямой и наклонной резки плиток, сделанных из керамического и подобного материла и относится к изделиям бытового назначения.</p>";"Станок для резки плитки (плиткорез) Диолд СП-1,2-250";"";"";"68-122-thickbox_small.jpg,68-122-thickbox_medium.jpg,68-122-thickbox.jpg";"";"";"";"";"";"";"";"";"";""
"1008_69";"Электрический фрезер Bosch GOF 900 CE";"550.00";100;"<p>Электрический фрезер мощностью 900 Вт. Константная электроника для обеспечения постоянной производительности. Точная регулировка глубины захода с точностью до 1/10 мм с функцией погружения. Регулировка числа оборотов. Система SDS.</p>";"<p>Электрический фрезер мощностью 900 Вт.</p>";"Электрический фрезер Bosch GOF 900 CE";"";"";"69-123-thickbox_small.jpg,69-123-thickbox_medium.jpg,69-123-thickbox.jpg";"";"";"";"";"";"";"";"";"";""
"1008_76";"Проводная стерео гарнитура Sony Ericsson HPM-20";"15.00";100;"<p>С оригинальными стерео наушниками и микрофоном достигается максимальная свобода движения во время разговора и прослушивания музыки.</p>";"<p>С оригинальными стерео наушниками и микрофоном достигается максимальная свобода движения во время разговора и прослушивания музыки.</p>";"Проводная стерео гарнитура Sony Ericsson HPM-20";"";"";"76-136-thickbox_small.jpg,76-136-thickbox_medium.jpg,76-136-thickbox.jpg";"";"";"";"";"";"";"";"";"";""
0;;Большие цены;;;;;;;;;;;;;;;;
"1009_9";"Холодильник ARDO GO 2210 BH HOMEPUB";"11220.00";100;"<p>Общий объем 316л.</p><p>Полезный объем холодильной камеры 218л</p><p>Полезный объем морозильной камеры 83л</p><p>Дозатор для пива:</p><p>Дверцы помимо обычных полок содержат специальные ниши, в которых находится система подачи пива.</p><p>Причем это не уменьшает полезное пространство для хранения продуктов!</p><p>Потребление электроэнергии (кВт/24ч) 0,70</p><p>Электронный модуль управления</p><p>1 компрессор</p><p>Автоматическое размораживание холодильного отделения</p><p>Ручное размораживание морозильного отделения</p><p>Антибактериальное покрытие</p><p>Поддержание температуры в случае отключения (ч) 18ч.</p><p>Кнопка быстрого замораживания</p><p>Индикатор критической температуры</p><p>Полки из сверхпрочного закаленного стекла</p><p>Полка для бутылок</p><p>Класс A+</p><p>Inox - нержавеющая сталь</p><p>Размеры в см:В185,5хШ60хГ67,2</p><p>Как обеспечить себя баллонами для Home Pub?</p><p>1. Вы покупаете Home Pub с заправленным баллоном. Home Pub, баллон и газ – продаются, как отдельные позиции. Кроме того, в любой момент Вы можете приобрести дополнительно заправленные баллоны.</p><p>2. Когда баллон (а это приблизительно 30 бочонков по 5л) у Вас опустошится, обратитесь в магазин, который торгует продукцией ARDO по предварительному заказу;</p><p>3. Вы сдаете пустой баллон, получаете полный и оплачиваете только заправку. Фирма-производитель оставляет за собой право на внесение изменений в конструкцию и комплектацию приборов.</p>";"<p>Общий объем 316л.</p><p>Полезный объем холодильной камеры 218л</p><p>Полезный объем морозильной камеры 83л</p>";"Холодильник ARDO GO 2210 BH HOMEPUB";"";"";"9-20-thickbox_small.jpg,9-20-thickbox_medium.jpg,9-20-thickbox.jpg";"";"";"";"";"";"";"";"";"";""
"1009_20";"Вытяжка Elica ONICE IX + NOCE F90";"11645.00";100;"<p>Настенная вытяжка шириной 90 см. Потребляемая мощность 200 Вт. Освещение – галогенные лампы, 2 х 20 Вт. Управление: механические кнопки. Угольный фильтр. Отделка: Stainless steel + Cherry, Stainless steel + wood.</p>";"<p>Настенная вытяжка шириной 90 см. Потребляемая мощность 200 Вт. Освещение – галогенные лампы, 2 х 20 Вт. Управление: механические кнопки. Угольный фильтр. Отделка: Stainless steel + Cherry, Stainless steel + wood.</p>";"Вытяжка Elica ONICE IX + NOCE F90";"";"";"20-38-thickbox_small.jpg,20-38-thickbox_medium.jpg,20-38-thickbox.jpg";"20-39-thickbox_small.jpg,20-39-thickbox_medium.jpg,20-39-thickbox.jpg";"";"";"";"";"";"";"";"";""
"1009_4";"Микроволновая печь BORK W531";"14470.00";100;"<p>Микроволновая печь с теновым грилем и конвекцией объемом 32 литра.</p><p>Электронное управление. 4 комбинированных режима.</p><p>Автоматическое приготовление и разогрев.</p><p>Программы разморозки по весу и времени.</p><p>Возможность приготовления на вертеле.</p><p>Режим последовательного приготовления.</p><p>Функция быстрого и отложенного старта.</p><p>Режим экспресс приготовления для работы при максимальной мощности за 30 секунд.</p><p>Блокировка от детей.</p><p>Внутреннее покрытие из нержавеющей стали.</p><p>Диаметр поворотного стола: 31.50 см.</p><p>LCD-дисплей.</p><p>Часы.</p>";"<p>Микроволновая печь с теновым грилем и конвекцией объемом 32 литра.</p><p>Электронное управление.</p>";"Микроволновая печь BORK W531";"";"";"4-6-thickbox_small.jpg,4-6-thickbox_medium.jpg,4-6-thickbox.jpg";"4-7-thickbox_small.jpg,4-7-thickbox_medium.jpg,4-7-thickbox.jpg";"4-8-thickbox_small.jpg,4-8-thickbox_medium.jpg,4-8-thickbox.jpg";"4-9-thickbox_small.jpg,4-9-thickbox_medium.jpg,4-9-thickbox.jpg";"4-10-thickbox_small.jpg,4-10-thickbox_medium.jpg,4-10-thickbox.jpg";"";"";"";"";"";""
"1009_2";"Погружной блендер Philips HR1377";"21130.00";100;"<p>Основные характеристики:</p><p>Тип погружной</p><p>Мощность 700 Вт</p><p>Управление механическое, число скоростей: 5, плавная регулировка скорости</p><p>Особенности:</p><p>Материал корпуса металл</p><p>Материал погружной части металл</p><p>Отверстие для ингредиентов есть</p><p>Сетевой шнур длина 1.30 м</p><p>Функциональные возможности:</p><p>Дополнительные режимы турборежим</p><p>Измельчитель есть, объем 1.5 л</p><p>Мерный стакан есть, объем 1 л</p><p>Венчик для взбивания есть</p><p>Дополнительная информация диск для нарезки тонкими/средними ломтиками; диск для шинковки/нарезки</p>";"<p>Основные характеристики</p><p>Тип погружной</p><p>Мощность 700 Вт</p>";"Погружной блендер Philips HR1377";"";"";"2-3-thickbox_small.jpg,2-3-thickbox_medium.jpg,2-3-thickbox.jpg";"2-4-thickbox_small.jpg,2-4-thickbox_medium.jpg,2-4-thickbox.jpg";"";"";"";"";"";"";"";"";""
"1009_29";"Манеж-кровать Capella C1";"23194.00";100;"<p>Двухуровневый просторный манеж-кровать с пеленальным столиком. Вибромузыкальный блок успокоит ребенка и поможет ему заснуть. Быстрый и безопасный механизм складывания-раскладывания манежа. Колесные фиксаторы позволяют свободно передвигать манеж-кровать. Кольца-держатели, с помощью которых ребенок сможет подтянуться и встать на ножки. Боковой лаз на молнии. Центральная ножка манежа обеспечивает дополнительную устойчивость.</p>";"<p>Двухуровневый просторный манеж-кровать с пеленальным столиком. Вибромузыкальный блок успокоит ребенка и поможет ему заснуть. Быстрый и безопасный механизм складывания-раскладывания манежа. Колесные фиксаторы позволяют свободно передвигать манеж-кровать.</p>";"Манеж-кровать Capella C1";"";"";"29-67-thickbox_small.jpg,29-67-thickbox_medium.jpg,29-67-thickbox.jpg";"29-68-thickbox_small.jpg,29-68-thickbox_medium.jpg,29-68-thickbox.jpg";"29-69-thickbox_small.jpg,29-69-thickbox_medium.jpg,29-69-thickbox.jpg";"";"";"";"";"";"";"";""
"1009_26";"Детская кроватка Красная Звезда Елизавета С-550";"11435.00";100;"<p>Детская кроватка с ложем увеличенного размера 140х70см, превращается в красивый уютный диванчик. Вместительный ящик для детских принадлежностей. Две съёмные планки. Силиконовая накладка на боковине. 4 съемных колеса со стопорами. Материал - массив березы. Отсутствуют острые углы. Древесина обработана экологически чистым лаком. Размер кровати: 156х77х113 см.</p>";"<p>Детская кроватка с ложем увеличенного размера 140х70см, превращается в красивый уютный диванчик.</p>";"Детская кроватка Красная Звезда Елизавета С-550";"";"";"26-58-thickbox_small.jpg,26-58-thickbox_medium.jpg,26-58-thickbox.jpg";"";"";"";"";"";"";"";"";"";""
"1009_37";"Стульчик для кормления Peg-Perego Tatamia";"12367.00";100;"<p>Стульчик Tatamia от 0 до 36 месяцев. Двойной поднос в двойне гигиеничнее. Можно мыть в посудомоечной машине. Угол наклона стула регулируется, имеет 4 положения. Пятиточечные ремни безопасности. Имеет 9 положений сидения по высоте. Может использоваться как шезлонг или расслабляющее кресло-качалка. Цвета: Cacao, Fiordilatte, Paloma, Arancio.</p>";"<p>Стульчик Tatamia от 0 до 36 месяцев. Двойной поднос в двойне гигиеничнее. Можно мыть в посудомоечной машине. Угол наклона стула регулируется, имеет 4 положения.</p>";"Стульчик для кормления Peg-Perego Tatamia";"";"";"37-82-thickbox_small.jpg,37-82-thickbox_medium.jpg,37-82-thickbox.jpg";"37-83-thickbox_small.jpg,37-83-thickbox_medium.jpg,37-83-thickbox.jpg";"37-84-thickbox_small.jpg,37-84-thickbox_medium.jpg,37-84-thickbox.jpg";"37-85-thickbox_small.jpg,37-85-thickbox_medium.jpg,37-85-thickbox.jpg";"";"";"";"";"";"";""
"1009_48";"Директорское кресло VIP класса Status Extra";"31200.00";100;"<p>Директорское кресло VIP класса Status Extra для руководителя,дома и офиса. СТАТУС дерево натуральная кожа 100% люкс LE-16/K цвет бренди Кожаное кресло VIP класса для руководителя,дома и офиса. Широкое мягкое сиденье и высокая спинка с механизмом трансформации. Удобные мягкие кожаные подлокотники . Элегантная металическая крестовина с деревянными накладками,точенный из масива чехол пневмо-целиндра. Кресло комплектуется механизмом ТРАНСФОРМАЦИИ который обеспечивает разложение кресла практически в горизонтальное положение. Обивка кресла натуральная кожа высшего качества LUX 100%. выделки Extra - мягкая и эластичная.</p>";"<p>Директорское кресло VIP класса Status Extra для руководителя,дома и офиса. СТАТУС дерево натуральная кожа 100% люкс LE-16/K цвет бренди Кожаное кресло VIP класса для руководителя,дома и офиса.</p>";"Директорское кресло VIP класса Status Extra";"";"";"48-99-thickbox_small.jpg,48-99-thickbox_medium.jpg,48-99-thickbox.jpg";"48-100-thickbox_small.jpg,48-100-thickbox_medium.jpg,48-100-thickbox.jpg";"";"";"";"";"";"";"";"";""
"1009_25";"Коляска Hauck Condor";"24312.00";100;"<p>Прогулочная коляска. Регулируемый наклон спинки. Регулируемая подножка. Солнцезащитный козырек со смотровым окошком. Пятиточечный ремень безопасности. Съемный поручень. Тканевые части коляски можно стирать. Дождевик. Вес 10 кг.</p>";"<p>Прогулочная коляска. Регулируемый наклон спинки. Регулируемая подножка. Солнцезащитный козырек со смотровым окошком.</p>";"Коляска Hauck Condor";"";"";"25-56-thickbox_small.jpg,25-56-thickbox_medium.jpg,25-56-thickbox.jpg";"25-57-thickbox_small.jpg,25-57-thickbox_medium.jpg,25-57-thickbox.jpg";"";"";"";"";"";"";"";"";""
"1009_22";"Автокресло Maxi-Cosi Priori SPS";"36217.00";100;"<p>Модель детского автокресла первой возрастной группы. Оно разработано для малышей, только начинающих ходить, и дошкольников (возраст от 9 месяцев до 4-х лет, вес 9-18 кг). Автокресло Priori легко устанавливается и закрепляется ремнями безопасности с креплением в 2-х или 3-х точках на любом пассажирском месте во всех типах автомобилей. Съемные чехлы можно стирать. Цвета: Bjorn, Enzo, Indigo, Prado, Solar, Stratos, Florian, Horizon, Roseline.</p>";"<p>Модель детского автокресла первой возрастной группы. Оно разработано для малышей, только начинающих ходить, и дошкольников (возраст от 9 месяцев до 4-х лет, вес 9-18 кг).</p>";"Автокресло Maxi-Cosi Priori SPS";"";"";"22-46-thickbox_small.jpg,22-46-thickbox_medium.jpg,22-46-thickbox.jpg";"";"";"";"";"";"";"";"";"";""
"1009_38";"Стульчик для кормления Cam Smarty S332-C27";"11175.00";100;"<p>Универсальный стульчик для детей от 6 до 48 месяцев. Крепится к сиденью или спинке обычного стула при помощи ремней. Регулируется по высоте от 0 до 18 см. Съемный столик. Легко транспортируется. Моется при помощи губки. Пятиточечные ремни безопасности.</p>";"<p>Универсальный стульчик для детей от 6 до 48 месяцев. Крепится к сиденью или спинке обычного стула при помощи ремней. Регулируется по высоте от 0 до 18 см. Съемный столик. Легко транспортируется. Моется при помощи губки. Пятиточечные ремни безопасности.</p>";"Стульчик для кормления Cam Smarty S332-C27";"";"";"38-86-thickbox_small.jpg,38-86-thickbox_medium.jpg,38-86-thickbox.jpg";"";"";"";"";"";"";"";"";"";""
"1009_52";"Мотобур STIHL BT 360";"11700.00";100;"<p>Мощный мотобур, обслуживаемый двумя рабочими, мощностью 3 кВт, со складной рамой для переноски. Предназначается для выполнения разнообразных задач от бурения простых скважин в земле, до взятия образцов почвы.</p>";"<p>Мощный мотобур, обслуживаемый двумя рабочими, мощностью 3 кВт, со складной рамой для переноски. Предназначается для выполнения разнообразных задач от бурения простых скважин в земле, до взятия образцов почвы.</p>";"Мотобур STIHL BT 360";"";"";"52-104-thickbox_small.jpg,52-104-thickbox_medium.jpg,52-104-thickbox.jpg";"";"";"";"";"";"";"";"";"";""
"1009_55";"Гайковерт Bosch GDS 12 V";"13420.00";100;"<p>Аккумуляторный ударный гайковерт, высокий крутящий момент и сила удара, компактная и эргономичная форма, встроенная подсветка с 3 светодиодами для освещения рабочей зоны, металлический корпус редуктора для высочайшей точности и долгого срока службы, 2 аккумулятора NiMH емкостью 2,6 Ач, зажим для переноски на ремне, петля на руку, реверс, безопасная работа без обратного удара, управляющая электроника, рукоятка с мягкой накладкой.</p>";"<p>Аккумуляторный ударный гайковерт, высокий крутящий момент и сила удара</p>";"Гайковерт Bosch GDS 12 V";"";"";"55-107-thickbox_small.jpg,55-107-thickbox_medium.jpg,55-107-thickbox.jpg";"";"";"";"";"";"";"";"";"";""
"1009_57";"Компрессор Remeza СБ4С270.АВ670";"251580.00";100;"<p>Используется в бытовых целях и промышленных условиях как источник сжатого воздуха для пневмоинструмента, окрасочных работ, автосервиса и т. д.</p>";"<p>Используется в бытовых целях и промышленных условиях как источник сжатого воздуха для пневмоинструмента, окрасочных работ, автосервиса и т. д.</p>";"Компрессор Remeza СБ4С270.АВ670";"";"";"57-109-thickbox_small.jpg,57-109-thickbox_medium.jpg,57-109-thickbox.jpg";"";"";"";"";"";"";"";"";"";""
"1009_82";"Радиотелефон Dect Panasonic KX-TCD815";"32120.00";100;"<p>Радиотелефон стандарта DECT/GAP. Загрузка картинок и мелодий с ПК или мобильного телефона (встроенный ИК-порт, в комплекте кабель USB). Автоматический определитель номера: АОН, Caller ID (журнал на 50 вызовов). Проговаривание голосом номера. Большой графический цветной дисплей - 65000 цветов. 6 обычных + 14 полифонических мелодий звонка. Загрузка мелодий с любого аудио-устройства через кабель. Меню и телефонный справочник на русском языке (200 номеров). Возможность присваивания до 3-х номеров телефонов и картинки для одной записи. Редактирование записей с помощью ПК. Функция Нянька. Спикерфон (громкая связь) на трубке. Дата, часы, будильник. Повторный набор последних 5-ти набранных номеров. Подключение гарнитуры. Ночной режим. Кнопка Flash для переадресация на мини-АТС. Подключение до 6-ти трубок на одну базу. Подключение одной трубки на 4 базы. Конференц-связь. Внутренняя связь между трубками. Переадресация внешнего звонка между трубками. Подключение к видеодомофонной системе.</p>";"<p>Радиотелефон стандарта DECT/GAP. Загрузка картинок и мелодий с ПК или мобильного телефона (встроенный ИК-порт, в комплекте кабель USB).</p>";"Радиотелефон Dect Panasonic KX-TCD815";"";"";"82-145-thickbox_small.jpg,82-145-thickbox_medium.jpg,82-145-thickbox.jpg";"82-146-thickbox_small.jpg,82-146-thickbox_medium.jpg,82-146-thickbox.jpg";"";"";"";"";"";"";"";"";""
"1009_89";"Факсимильный аппарат Panasonic KX-FC258RU";"42265.00";100;"<p>Двухстрочный дисплей. Беспроводная DECT трубка с цветным дисплеем. Печать по принципу термопереноса. Цифровой дуплексный спикерфон. Цифровой автоответчик. Время записи - 15 минут. Скорость модема - до 9,6 Кбит/с. Кнопка навигации. Автоподатчик на 10 листов. Лоток на 20 листов. Отложенная передача. Прием при отсутствии бумаги (до 28 страниц). Набор 100 номеров из памяти. Функция копирования с возможностью масштабирования.</p>";"<p>Двухстрочный дисплей. Беспроводная DECT трубка с цветным дисплеем. Печать по принципу термопереноса.</p>";"Факсимильный аппарат Panasonic KX-FC258RU";"";"";"89-154-thickbox_small.jpg,89-154-thickbox_medium.jpg,89-154-thickbox.jpg";"";"";"";"";"";"";"";"";"";""
"1009_91";"Коммуникатор ASUS MyPal A639";"24530.00";100;"<p>Операционная система Windows Mobile 5.0 for Pocket PC. Процессор Intel XScale PXA270 416 МГц. Оперативная память 64 Мб, Flash-память ROM 1 Гб. Интерфейсы: SD/MMC с поддержкой SDIO, IrDA, Bluetooth 2.0+EDR, Wi-Fi (IEEE802.11b/g), USB 1.1 клиент (синхронизация, заряд, кард-ридер). Встроенный GPS-приемник SiRF Star III, внешняя поворотная антенна, разъем для подключения дополнительной антенны. Экран 3.5” c разрешением 240х320 точек, 64 тысячи цветов.</p>";"<p>Операционная система Windows Mobile 5.0 for Pocket PC. Процессор Intel XScale PXA270 416 МГц. Оперативная память 64 Мб, Flash-память ROM 1 Гб. Интерфейсы: SD/MMC с поддержкой SDIO, IrDA, Bluetooth 2.0+EDR, Wi-Fi (IEEE802.11b/g), USB 1.1 клиент (синхронизация, заряд, кард-ридер).</p>";"Коммуникатор ASUS MyPal A639";"";"";"91-156-thickbox_small.jpg,91-156-thickbox_medium.jpg,91-156-thickbox.jpg";"91-157-thickbox_small.jpg,91-157-thickbox_medium.jpg,91-157-thickbox.jpg";"91-158-thickbox_small.jpg,91-158-thickbox_medium.jpg,91-158-thickbox.jpg";"91-159-thickbox_small.jpg,91-159-thickbox_medium.jpg,91-159-thickbox.jpg";"91-160-thickbox_small.jpg,91-160-thickbox_medium.jpg,91-160-thickbox.jpg";"";"";"";"";"";""
0;;Нецелые цены;;;;;;;;;;;;;;;;
"1010_5";"Миксер Philips HR1565";"90.90";100;"<p>Легкое приготовление домашних дессертов Миксер с поворачивающейся чашей Приготовление изысканных домашних тортов, пирогов и выпечки для всей семьи еще никогда не было настолько простым. Этот 350 Вт миксер Philips с подставкой и чашей сделает за вас всю трудную работу, за минуты приготовив идеальные смеси. Ваш верный и надежный помощник на кухне.</p><p>Свободные руки при смешивании Вращающаяся чаша емкостью 3 л Подставка миксера</p><p>Идеальное тесто и десерты за несколько минут Мощный (350 Ватт) мотор Различные скоростные режимы и турборежим</p><p>Идеально взбивает и смешивает Насадки для взбивания и для теста в комплекте</p><p>Быстрая и простая чистка Удобная лопаточка</p><p>Удобство хранения Зажим для шнура</p><p>Общие характеристики Режимы скоростей: 3 Кнопка включения турборежима Зажим для шнура</p><p>Технические характеристики Мощность: 350 Вт Напряжение: 230-240 В Частота: 50/60 Гц Длина шнура: 1,50 м</p><p>Характеристики дизайна Материал, из которого изготовлен корпус: ABS Материал насадок для взбивания/для теста: Из нержавеющей стали</p><p>Принадлежности Насадки для взбивания Насадки для теста</p><p>Дата выпуска 2008-05-21</p>";"<p>Легкое приготовление домашних дессертов Миксер с поворачивающейся чашей Приготовление изысканных домашних тортов, пирогов и выпечки для всей семьи еще никогда не было настолько простым. Этот 350 Вт миксер Philips с подставкой и чашей сделает за вас всю трудную работу, за минуты приготовив идеальные смеси. Ваш верный и надежный помощник на кухне.</p>";"Миксер Philips HR1565";"";"";"5-12-thickbox_small.jpg,5-12-thickbox_medium.jpg,5-12-thickbox.jpg";"";"";"";"";"";"";"";"";"";""
"1010_7";"Универсальная соковыжималка Philips HR186630";"180.80";100;"<p>Тип универсальная</p><p>Мощность 800 Вт</p><p>Резервуар для сока стакан, объем 1.25 л</p><p>Система прямой подачи сока есть</p><p>Система капля-стоп есть</p><p>Сбор мякоти автоматический выброс мякоти, объем резервуара 2 л</p><p>Сепаратор для пены есть</p><p>Защитные функции защита от случайного включения</p><p>Технические характеристики</p><p>Тип универсальная</p><p>Мощность 800 Вт</p><p>Резервуар для сока стакан, объем 1.25 л</p><p>Система прямой подачи сока есть</p><p>Система капля-стоп есть</p><p>Сбор мякоти автоматический выброс мякоти, объем резервуара 2 л</p><p>Сепаратор для пены есть</p><p>Защитные функции защита от случайного включения</p><p>Особенности</p><p>Материал корпуса алюминий</p><p>Материал сетки центрифуги нерж. сталь</p><p>Круглая горловина есть</p><p>Размер горловины 74 мм</p><p>Комплектация щеточка для чистки</p><p>Прорезиненные ножки есть</p><p>Отсек для сетевого шнура длина 1.2 м</p><p>Управление</p><p>Количество скоростей 2</p>";"<p>Тип универсальная</p><p>Мощность 800 Вт</p><p>Резервуар для сока стакан, объем 1.25 л</p><p>Система прямой подачи сока есть</p><p>Система капля-стоп есть</p><p>Сбор мякоти автоматический выброс мякоти, объем резервуара 2 л</p><p>Сепаратор для пены есть</p><p>Защитные функции защита от случайного включения</p>";"Универсальная соковыжималка Philips HR186630";"";"";"7-14-thickbox_small.jpg,7-14-thickbox_medium.jpg,7-14-thickbox.jpg";"7-15-thickbox_small.jpg,7-15-thickbox_medium.jpg,7-15-thickbox.jpg";"7-16-thickbox_small.jpg,7-16-thickbox_medium.jpg,7-16-thickbox.jpg";"7-17-thickbox_small.jpg,7-17-thickbox_medium.jpg,7-17-thickbox.jpg";"";"";"";"";"";"";""
"1010_11";"Чаеварка-чайник BOSCH TTA 2009";"80.70";100;"<p>Цвет: бежевый/серый, серебристый</p><p>Мощность: 1785 Вт макс.</p><p>Объем заварника: 0,7 л</p><p>Объем чайника: 2,0 л</p><p>Чайник из полупрозрачного пластика со шкалой уровня воды</p><p>Стеклянный заварник с крышкой</p><p>Ситечко для заварки из нержавеющей стали</p><p>Круговой светоиндикатор «Улыбка»</p><p>Крышка для чайника в комплекте</p><p>Скрытый нагревательный элемент, дно из нержавеющей стали</p><p>Автоматическое переключение на режим подогрева</p><p>Цоколь с центральным контактом позволяет устанавливать чайник в любом положении</p><p>Клавиша переключения режимов кипячения и нагрева</p><p>Клавиша «включения/отключения» прибора</p><p>Намотка кабеля в цоколе</p>";"<p>Цвет: бежевый/серый, серебристый</p><p>Мощность: 1785 Вт макс.</p><p>Объем заварника: 0,7 л</p><p>Объем чайника: 2,0 л</p>";"Чаеварка-чайник BOSCH TTA 2009";"";"";"11-23-thickbox_small.jpg,11-23-thickbox_medium.jpg,11-23-thickbox.jpg";"11-24-thickbox_small.jpg,11-24-thickbox_medium.jpg,11-24-thickbox.jpg";"";"";"";"";"";"";"";"";""
"1010_12";"Мясорубка AEG FW 5549";"145.50";100;"<p>Технические характеристикиМощность 400 ВтСистема реверса естьНасадкиПерфорированный диск для фарша есть, 3 в комплектеНасадка-терка нетНасадка для шинковки нетНасадка для приготовления колбас естьПрочие насадки для кеббе, для нарезки печеньяОсобенностиМатериал лотка металлМатериал корпуса металлПрорезиненные ножки естьОтсек для хранения шнура естьДополнительная информация максимальная мощность 1000 Вт</p>";"<p>Технические характеристикиМощность 400 ВтСистема реверса естьНасадкиПерфорированный диск для фарша есть</p>";"Мясорубка AEG FW 5549";"";"";"12-25-thickbox_small.jpg,12-25-thickbox_medium.jpg,12-25-thickbox.jpg";"";"";"";"";"";"";"";"";"";""
"1010_18";"Хлебопечка Tefal Dual Home Baker OW4002";"180.30";100;"<p>Мощность 680 Вт. Запрограммированный старт через 15 часов. Запас памяти на 7 минут при сбое электропитания. Антипригарное покрытие бака. 13 программ приготовления. 3 варианта веса хлеба (750 г, 1 кг и 1,2 кг). 3 цвета корочки.</p>";"<p>Мощность 680 Вт. Запрограммированный старт через 15 часов. Запас памяти на 7 минут при сбое электропитания. Антипригарное покрытие бака. 13 программ приготовления. 3 варианта веса хлеба (750 г, 1 кг и 1,2 кг). 3 цвета корочки.</p>";"Хлебопечка Tefal Dual Home Baker OW4002";"";"";"18-37-thickbox_small.jpg,18-37-thickbox_medium.jpg,18-37-thickbox.jpg";"";"";"";"";"";"";"";"";"";""
"1010_21";"Детское автокресло Bebe Confort Iseos Safe Side TT";"300.99";100;"<p>Автокресло рекомендуется для детей от 9 кг (1-4 года). Оснащено системой дополнительного натяжения ремней, которыми кресло крепится к сиденью автомобиля, что упрощает и ускоряет его правильную установку. Установка в автомобиле: по ходу движения с помощью штатного 3-точечного ремня безопасности. В кресле используется двойная система Modulo Safe, позволяющая плавно изменять ширину (от 40 до 55 см) и наклон кресла, внутренние 5-точечные ремни безопасности регулируются по росту ребенка. Прочный корпус на широкой платформе разработан с учетом геометрии салонов современных автомобилей. Усиленная боковая защита Safe Side. Защитные накладки на ремнях двух размеров, в зависимости от возраста ребенка. Система Легкая посадка, фиксирующая внутренние ремни по сторонам, на боковинах и не мешающие посадке ребенка. Высококачественное, мягкое, дышащее покрытие (снимается и стирается). Система Total Tension обеспечивает правильную установку с меньшими усилиями. Вес автокресла: 9 кг.</p>";"<p>Автокресло рекомендуется для детей от 9 кг (1-4 года). Оснащено системой дополнительного натяжения ремней, которыми кресло крепится к сиденью автомобиля, что упрощает и ускоряет его правильную установку.</p>";"Детское автокресло Bebe Confort Iseos Safe Side TT";"";"";"21-42-thickbox_small.jpg,21-42-thickbox_medium.jpg,21-42-thickbox.jpg";"21-43-thickbox_small.jpg,21-43-thickbox_medium.jpg,21-43-thickbox.jpg";"21-44-thickbox_small.jpg,21-44-thickbox_medium.jpg,21-44-thickbox.jpg";"21-45-thickbox_small.jpg,21-45-thickbox_medium.jpg,21-45-thickbox.jpg";"";"";"";"";"";"";""
"1010_34";"BABYONO 238 Набор посуды для кормления";"15.99";100;"<p>Тарелочка с подогревом, диаметр 17,5 см</p><p>Обеденные наборы BabyOno это все, что необходимо для Твоего ребёнка во время еды</p><p>Набор предназначен для детей от 1-го года, однако если заметите, что Ваш ребёнок захочет раньше начать есть самостоятельно, то ничто не мешает, ему делать это ещё до года.</p><p>В набор входит</p><p>* тарелка с подогревом и присоской</p><p>* кружка-непроливайка</p><p>* столовые приборы</p><p>Производство: BabyOno, Польша</p>";"<p>Тарелочка с подогревом, диаметр 17,5 см</p><p>Обеденные наборы BabyOno это все, что необходимо для Твоего ребёнка во время еды</p><p>Набор предназначен для детей от 1-го года, однако если заметите, что Ваш ребёнок захочет раньше начать есть самостоятельно, то ничто не мешает, ему делать это ещё до года.</p>";"BABYONO 238 Набор посуды для кормления";"";"";"34-79-thickbox_small.jpg,34-79-thickbox_medium.jpg,34-79-thickbox.jpg";"";"";"";"";"";"";"";"";"";""
"1010_31";"Пеленальный столик Baby Prestige Simplicity";"91.80";100;"<p>Пеленальный столик очень устойчив благодаря широкой основе. Ванночка анатомической формы с дренажной трубкой для слива воды. Имеется полочка для хранения банных принадлежностей. Занимает мало места. Высота - 98 см. Длина - 75 см. Ширина - 58 см.</p>";"<p>Пеленальный столик очень устойчив благодаря широкой основе. Ванночка анатомической формы с дренажной трубкой для слива воды. Имеется полочка для хранения банных принадлежностей. Занимает мало места. Высота - 98 см. Длина - 75 см. Ширина - 58 см.</p>";"Пеленальный столик Baby Prestige Simplicity";"";"";"31-73-thickbox_small.jpg,31-73-thickbox_medium.jpg,31-73-thickbox.jpg";"";"";"";"";"";"";"";"";"";""
"1010_28";"Кровать BERTONI CLASSIC";"180.20";100;"<p>Внутренний размер кроватки: 120х60 см. Выдвижной ящик. Специальные фиксаторы качания. Варианты цветовой гаммы: голубая и розовая.</p>";"<p>Внутренний размер кроватки: 120х60 см. Выдвижной ящик. Специальные фиксаторы качания. Варианты цветовой гаммы: голубая и розовая.</p>";"Кровать BERTONI CLASSIC";"";"";"28-65-thickbox_small.jpg,28-65-thickbox_medium.jpg,28-65-thickbox.jpg";"28-66-thickbox_small.jpg,28-66-thickbox_medium.jpg,28-66-thickbox.jpg";"";"";"";"";"";"";"";"";""
"1010_30";"Манеж BERTONI ARENA 2+ уровня";"120.89";100;"<p>2 уровня: для сна и игры. Собирается до компактного размера. Легко переносить. Игрушка для ребёнка. Размеры: 120x60x77 см. Варианты цветовой гаммы: blue-orange, blue-yellow, green-orange.</p>";"<p>2 уровня: для сна и игры. Собирается до компактного размера. Легко переносить. Игрушка для ребёнка. Размеры: 120x60x77 см. Варианты цветовой гаммы: blue-orange, blue-yellow, green-orange.</p>";"Манеж BERTONI ARENA 2+ уровня";"";"";"30-70-thickbox_small.jpg,30-70-thickbox_medium.jpg,30-70-thickbox.jpg";"30-71-thickbox_small.jpg,30-71-thickbox_medium.jpg,30-71-thickbox.jpg";"30-72-thickbox_small.jpg,30-72-thickbox_medium.jpg,30-72-thickbox.jpg";"";"";"";"";"";"";"";""
"1010_44";"Ортопедический матрас Барро Элит 501 160 x 200";"231.30";100;"<p>Ортопедический классический матрас на основе пружинного блока TFK. Симметричный матрас с традиционной компоновкой пенополиуретана с двух сторон и холстопрошивного ватина. А так же иглопробивным натуральным полотном и по периметру - 40мм пенополиуретаном. Съемный чехол матраса (стеганый жакард).</p>";"<p>Ортопедический классический матрас на основе пружинного блока TFK. Симметричный матрас с традиционной компоновкой пенополиуретана с двух сторон и холстопрошивного ватина. А так же иглопробивным натуральным полотном и по периметру - 40мм пенополиуретаном. Съемный чехол матраса (стеганый жакард).</p>";"Ортопедический матрас Барро Элит 501 160 x 200";"";"";"44-95-thickbox_small.jpg,44-95-thickbox_medium.jpg,44-95-thickbox.jpg";"";"";"";"";"";"";"";"";"";""
"1010_45";"Сейф взломостойкий Valberg ASK-46";"500.50";100;"<p>Сейф предназначен для хранения ценных вещей, в том числе и достаточно крупных денежных сумм, как дома, так и в офисе. Сертификация по I классу защиты от взлома. Корпус сейфа имеет трехслойную конструкцию: внешняя стенка, бетон, внутренняя стенка. Стенки сейфа выполнены из стального листа толщиной от 1 до 3 мм. Ключевой 8-сувальдный замок Mauer (Германия). Замок защищен от высверливания специальной твердосплавной пластиной. Сейф оснащен 3-сторонней ригельной системой запирания с тремя никелированными вращающимися ригелями, диаметром 25 мм и одним пассивным ригелем.</p>";"<p>Сейф предназначен для хранения ценных вещей, в том числе и достаточно крупных денежных сумм, как дома, так и в офисе.</p>";"Сейф взломостойкий Valberg ASK-46";"";"";"45-96-thickbox_small.jpg,45-96-thickbox_medium.jpg,45-96-thickbox.jpg";"";"";"";"";"";"";"";"";"";""
"1010_50";"Каминный набор №859 кованый (Аксессуары для каминов)";"45.50";100;"<p>Размер см: 24х28х64 (Ш х Д х В)</p><p>Цвет: Старое золото</p><p>Пр-во: Польша</p>";"<p>Размер см: 24х28х64 (Ш х Д х В)</p>";"Каминный набор №859 кованый (Аксессуары для каминов)";"";"";"50-102-thickbox_small.jpg,50-102-thickbox_medium.jpg,50-102-thickbox.jpg";"";"";"";"";"";"";"";"";"";""
"1010_51";"Бензобур Pacme EL-ED1700";"260.60";100;"<p>Бензобур мощностью 1.7 кВт. Диаметр бура 150 мм. Возможность установки буров диаметром: 100, 200, 250 мм.</p>";"<p>Бензобур мощностью 1.7 кВт. Диаметр бура 150 мм. Возможность установки буров диаметром: 100, 200, 250 мм.</p>";"Бензобур Pacme EL-ED1700";"";"";"51-103-thickbox_small.jpg,51-103-thickbox_medium.jpg,51-103-thickbox.jpg";"";"";"";"";"";"";"";"";"";""
"1010_56";"Миксер электрический Graphite 58G782";"175.50";100;"<p>Миксер электрический в чемоданчике с мешалкой. Мощность 1200 Вт. Патрон M14. Скорость I: 0-580, II: 0-760 об/мин.</p>";"<p>Миксер электрический в чемоданчике с мешалкой.</p>";"Миксер электрический Graphite 58G782";"";"";"56-108-thickbox_small.jpg,56-108-thickbox_medium.jpg,56-108-thickbox.jpg";"";"";"";"";"";"";"";"";"";""
"1010_64";"Пневмогайковерт Force 82565";"800.80";100;"<p>Скорость вращения 6000 об/мин, максимальное усилие 1800 Нм, вес 4.4 кг.</p>";"<p>Скорость вращения 6000 об/мин, максимальное усилие 1800 Нм, вес 4.4 кг.</p>";"Пневмогайковерт Force 82565";"";"";"64-115-thickbox_small.jpg,64-115-thickbox_medium.jpg,64-115-thickbox.jpg";"";"";"";"";"";"";"";"";"";""
"1010_66";"Скобозабиватель Metabo Ta E 2019";"290.99";100;"<p>Модель для работы со скобами, гвоздями, профильными захватами Metabo. Подходит также для работы со скобами из плоской проволоки. Энергия удара может плавно регулироваться электронным образом. Возможность дополнительного добивания (для скоб и гвоздей). Выступ с выемкой для точного позиционирования. Защита от случайного срабатывания удара.</p>";"<p>Модель для работы со скобами, гвоздями, профильными захватами Metabo.</p>";"Скобозабиватель Metabo Ta E 2019";"";"";"66-117-thickbox_small.jpg,66-117-thickbox_medium.jpg,66-117-thickbox.jpg";"";"";"";"";"";"";"";"";"";""
"1010_70";"Ленточная шлифовальная машина Dewalt DW432";"360.39";100;"<p>Мощный 800 Вт электродвигатель обеспечивает высокую эффективность шлифования разных материалов. Конструкция подошвы из трех роликов обеспечивает лучший контакт шлифленты с обрабатываемой поверхностью. Эффективная система пылеудаления со встроенным пылесборником и возможностью подключения внешнего пылесоса. Две рукоятки для лучшего баланса и контроля.</p>";"<p>Мощный 800 Вт электродвигатель обеспечивает высокую эффективность шлифования разных материалов.</p>";"Ленточная шлифовальная машина Dewalt DW432";"";"";"70-124-thickbox_small.jpg,70-124-thickbox_medium.jpg,70-124-thickbox.jpg";"";"";"";"";"";"";"";"";"";""
"1010_74";"Bluetooth гарнитура Nokia BH-903";"135.50";100;"<p>Привлекательный дизайн, оснащена дисплеем, который позволяет контролировать музыку. С беспроводной гарнитурой Вы можете: получить отличное качество звука благодаря цифровой обработке сигнала; наслаждаться встроенным FM-радио; управлять музыкой благодаря медиа-клавишам; автоматически переключаться между музыкой и вызовами; слушать музыку или радио и разговаривать до 9 часов после 20 минут зарядки; управлять вызовами; совершать вызовы с гарнитуры через быстрый набор номера на вашем мобильном устройстве.</p>";"<p>Привлекательный дизайн, оснащена дисплеем, который позволяет контролировать музыку.</p>";"Bluetooth гарнитура Nokia BH-903";"";"";"74-134-thickbox_small.jpg,74-134-thickbox_medium.jpg,74-134-thickbox.jpg";"";"";"";"";"";"";"";"";"";""
"1010_78";"Блок расширения для AriaSOHO LG-Nortel AR-EKSU";"360.79";100;"<p>Блок расширения для ARIA SOHO, подключается внешней шиной к базовому блоку. В блоке расширения есть - 3 внешние линии; 8 внутренних гибридных абонентов (или аналоговых или цифровых); 1 слот для установки дополнительной платы расширения; 1 аварийный датчик; 1 реле общего назначения; 1 схема аварийного переключение при пропадании питания.</p>";"<p>Блок расширения для ARIA SOHO, подключается внешней шиной к базовому блоку. В блоке расширения есть - 3 внешние линии; 8 внутренних гибридных абонентов (или аналоговых или цифровых); 1 слот для установки дополнительной платы расширения; 1 аварийный датчик; 1 реле общего назначения; 1 схема аварийного переключение при пропадании питания.</p>";"Блок расширения для AriaSOHO LG-Nortel AR-EKSU";"";"";"78-138-thickbox_small.jpg,78-138-thickbox_medium.jpg,78-138-thickbox.jpg";"78-139-thickbox_small.jpg,78-139-thickbox_medium.jpg,78-139-thickbox.jpg";"78-140-thickbox_small.jpg,78-140-thickbox_medium.jpg,78-140-thickbox.jpg";"";"";"";"";"";"";"";""
"1010_88";"Проводной телефон LG GS-475 RUS WA";"35.45";100;"<p>Тоновый / импульсный набор.Память на 3 номера. Функции: регулировка уровня громкости мелодии звонка; сброс набора или соединения (клавиша FLASH); пауза во время разговора (клавиша PAUSE); повторный набор номера (клавиша REDIAL).</p>";"<p>Тоновый / импульсный набор.Память на 3 номера. Функции: регулировка уровня громкости мелодии звонка; сброс набора или соединения (клавиша FLASH); пауза во время разговора (клавиша PAUSE); повторный набор номера (клавиша REDIAL).</p>";"Проводной телефон LG GS-475 RUS WA";"";"";"88-153-thickbox_small.jpg,88-153-thickbox_medium.jpg,88-153-thickbox.jpg";"";"";"";"";"";"";"";"";"";""
"1010_83";"IP-телефон D-link DPH-400S";"124.50";100;"<p>Телефонный аппарат позволяет совершать звонки, используя сеть Интернет или корпоративную сеть вместо традиционной телефонной сети общего пользования. При этом голос преобразуется в IP-пакеты и передается по сети. Голос и данные могут одновременно передаваться по одному и тому же каналу связи. Телефон снабжен дополнительным разъемом RJ-45 для подключения к порту Ethernet компьютера или локальной сети (через коммутатор или концентратор Fast Ethernet). Это позволяет разговаривать по IP-телефону во время просмотра Web-страниц, отправки почтовых сообщений и выполнения других сетевых задач. Также DPH-400S можно использовать в локальных сетях с поддержкой Ethernet и протокола IP.</p>";"<p>Телефонный аппарат позволяет совершать звонки, используя сеть Интернет или корпоративную сеть вместо традиционной телефонной сети общего пользования.</p>";"IP-телефон D-link DPH-400S";"";"";"83-147-thickbox_small.jpg,83-147-thickbox_medium.jpg,83-147-thickbox.jpg";"";"";"";"";"";"";"";"";"";""
"1010_87";"Проводной телефон PANASONIC KX-TS2365RUB";"50.55";100;"<p>Проводной телефон PANASONIC оснащен ЖК-дисплеем с часами, функцией громкая связь, портом для дополнительного оборудования, разъемом для гарнитуры. Однокнопочный набор на 20 номеров и ускоренный набор на 10 номеров экономят время. Есть кнопка пауза, ограничение и блокировка вызова, возможность регулировать громкость звонка и динамика, мелодия в режиме удержания соединения, выключение микрофона. Возможна установка на стене. Цвет модели - черный.</p>";"<p>Проводной телефон PANASONIC оснащен ЖК-дисплеем с часами, функцией громкая связь, портом для дополнительного оборудования, разъемом для гарнитуры. Однокнопочный набор на 20 номеров и ускоренный набор на 10 номеров экономят время.</p>";"Проводной телефон PANASONIC KX-TS2365RUB";"";"";"87-152-thickbox_small.jpg,87-152-thickbox_medium.jpg,87-152-thickbox.jpg";"";"";"";"";"";"";"";"";"";""
"1010_90";"Факсимильный аппарат Sharp UX-73";"220.22";100;"<p>Простой и удобный в эксплуатации факсимильный аппарат с памятью, достаточной для хранения 17 страниц. Факс, копир и телефон, собранные вместе в компактном корпусе. Печать на термобумаге. Скорость модема - до 9,6 Кбит/с. Автоподатчик на 10 листов. Автоматический набор 40 номеров. Автоматическая обрезка бумаги.</p>";"<p>Простой и удобный в эксплуатации факсимильный аппарат с памятью, достаточной для хранения 17 страниц.</p>";"Факсимильный аппарат Sharp UX-73";"";"";"90-155-thickbox_small.jpg,90-155-thickbox_medium.jpg,90-155-thickbox.jpg";"";"";"";"";"";"";"";"";"";""
0;;Электронные товары;;;;;;;;;;;;;;;;
"1011_138";"Парсер товаров Яндекс Маркета";"54.99";100;"<p>Парсер Яндекс-Маркет – отдельная и специальная сборка парсера Catalog Loader для скачивания товаров из торговой площадки Яндекс-Маркет. Преимущества парсера Яндекс-Маркет перед аналогами: - Программа работает под Windows (XP / 7 / 2003 / 2008). - Установка программы не требует никаких специальных знаний и навыков, устанавливается как обычное приложение Windows (далее, далее… готово). - Максимально упрощенный и понятный интерфейс. Параметры, которые извлекаются парсером Яндекс-Маркет в стандартной конфигурации: - структура каталога; - имя товара; - цена товара; - краткое описание; - полное описание (в виде одной таблицы); - 1 основное (если отсутствует увеличенное изображение, берется маленькое)? + 3 дополнительных изображения; - производитель;? - meta_title?, meta_description?, meta_keywords;?? - возможно расширение стандартной версии дополнительными параметрами и возможностями (изменение цены по формуле, разбиение описания на характеристики и т.д.). Копирование товаров происходит с задержкой (в избежании бана), поддержка прокси-серверов. Экспорт товаров парсером Яндекс-Маркет происходит в csv для следующих CMS: - PrestaShop, - VamShop, - Virtuemart(Joomla), - ShopScript, - ShopCMS - ABO, - Amiro, - PhpShop, - HostCMS, - TomatoCart?, - CS-Cart??, - возможно подключение любой другой CMS или нужного формата csv (бесплатно). Возможность возобновления процесса парсинга с предыдущего состояние в случае какого-либо сбоя (выкл. электричества и т.п. ) или ручной остановки парсера. После оформления заказа Вам будет выслана ссылка на скачивание программы, а так ?же логин и пароль для запуска программы (в будние дни логин и пароль высылается в течении 5-45 мин после поступления оплаты, в выходные дни возможна задержка в несколько часов). Парсер копирует товары, информация о которых размещена на Я.Маркет. Товары, для которых предоставлены только анонсы со ссылками на другие источники не копируются. Постоянное бесплатное обновление сборки парсера.</p><p>Наш продукт ShopDataGetway - это система предоставляющая вашим партнерам возможность мгновенно обновлять интернет-магазины используя данные из ваших систем. Система предоставляет вашим партнерам данные в требуемом им виде. С помощью продукта ShopDataGetway вы позволяете вашим партнерам избежать лишних затрат на автоматизицию бизнес-процессов.</p><p>CatalogLoader– это пакет программного обеспечение, представляющее собой набор инструментов для работы с товарамиинтернет-магазинов (парсер, автоматическое наполнение, изменение цен, обработка склада, мониторинг конкурентов).</p>";"<p>Парсер Яндекс-Маркет – отдельная и специальная сборка парсера Catalog Loader для скачивания товаров из торговой площадки Яндекс-Маркет.</p>";"Парсер товаров Яндекс Маркета";"";"";"138-247-thickbox_small.jpg,138-247-thickbox_medium.jpg,138-247-thickbox.jpg";"138-248-thickbox_small.jpg,138-248-thickbox_medium.jpg,138-248-thickbox.jpg";"138-249-thickbox_small.jpg,138-249-thickbox_medium.jpg,138-249-thickbox.jpg";"138-250-thickbox_small.jpg,138-250-thickbox_medium.jpg,138-250-thickbox.jpg";"138-251-thickbox_small.jpg,138-251-thickbox_medium.jpg,138-251-thickbox.jpg";"";"";"";"";"";""
"1011_139";"Парсер товаров focalprice.com";"79.00";100;"<p>Парсер focalprice.com – отдельная и специальная сборка парсера Catalog Loader для скачивания товаров из интернет-магазина focalprice.com.</p><p>Преимущества парсера focalprice.com перед аналогами: - Программа работает под Windows (XP / 7 / 2003 / 2008). - Установка программы не требует никаких специальных знаний и навыков, устанавливается как обычное приложение Windows (далее, далее… готово). - Максимально упрощенный и понятный интерфейс. Парсером focalprice.com извлекается: - Структура каталога - Имя товара - Артикул - Краткое описание товара (в качестве краткого описания Имя товара) - Полное описание товара (без разбиения на параметры, ссылки (ссылки на картинки) в тексте описания удаляются) - Изображение (1-6шт.) - Цена (если имеется скидка на товара, берется цена по скидке) - meta_title?, meta_description?, meta_keywords;? - Возможно расширение стандартной версии дополнительными параметрами и возможностями (изменение цены по формуле, разбиение описания на характеристики, мониторинг и сравнение цен и т.д.). Экспорт товаров парсером focalprice.com происходит в csv для следующих CMS: - PrestaShop, - VamShop, - Virtuemart(Joomla), - ShopScript, - ABO, - Amiro, - PhpShop, - HostCMS, - возможно подключение любой другой CMS или нужного формата csv (бесплатно). Возможность возобновления процесса парсинга с предыдущего состояние в случае какого-либо сбоя (выкл. электричества и т.п. ) или ручной остановки парсера. После оформления заказа Вам будет выслана ссылка на скачивание программы.</p><p>Наш продукт ShopDataGetway - это система предоставляющая вашим партнерам возможность мгновенно обновлять интернет-магазины используя данные из ваших систем. Система предоставляет вашим партнерам данные в требуемом им виде. С помощью продукта ShopDataGetway вы позволяете вашим партнерам избежать лишних затрат на автоматизицию бизнес-процессов.</p><p>CatalogLoader– это пакет программного обеспечение, представляющее собой набор инструментов для работы с товарамиинтернет-магазинов (парсер, автоматическое наполнение, изменение цен, обработка склада, мониторинг конкурентов).</p>";"<p>Парсер focalprice.com – отдельная и специальная сборка парсера Catalog Loader для скачивания товаров из интернет-магазина focalprice.com.</p><p>Преимущества парсера focalprice.com перед аналогами:</p>";"Парсер товаров focalprice.com";"";"";"139-252-thickbox_small.jpg,139-252-thickbox_medium.jpg,139-252-thickbox.jpg";"139-253-thickbox_small.jpg,139-253-thickbox_medium.jpg,139-253-thickbox.jpg";"139-254-thickbox_small.jpg,139-254-thickbox_medium.jpg,139-254-thickbox.jpg";"";"";"";"";"";"";"";""
"1011_140";"Парсер товаров zappos.com";"159.00";100;"<p>Парсер zappos.com?? – отдельная и специальная сборка парсера Catalog Loader для скачивания товаров из zappos.com?.</p><p>Парсер товаров из интернет-магазина zappos.com очень быстро и качественно наполнит Ваш интернет-магазин всем представленым там ассортиментом.</p><p>Вы должны выбрать именно этот парсер zappos.com, т.к. он имеет ряд преимуществ перед аналогами, например:</p><p>- Программа работает под Windows (XP / 7 / 2003 / 2008).</p><p>- Устанавливается быстро и не потребует от Вас каких-либо дополнительных знаний ПК.</p><p>- Специально для Вас интерфейс программы максимально упрощён и будет понятен даже неопытному пользователю.</p><p>В обычной сборке прасер интернет-магазина zappos.com извлекает следующие параметры:</p><p>- структуру каталога;</p><p>- имя товара;</p><p>- цену товара;</p><p>- краткое описание;</p><p>- полное описание;</p><p>- изображение (увеличенное);</p><p>- meta_title?, meta_description?, meta_keywords;</p><p>- дополнительно осуществляется расширение стандартной версии желаемыми параметрами и возможностями (изменение цены по формуле, мониторинг и сравнение цен и т.д.).</p><p>Товары экспортируются в csv для следующих CMS:</p><p>- PrestaShop,</p><p>- VamShop,</p><p>- Virtuemart(Joomla),</p><p>- ShopScript,</p><p>- ABO,</p><p>- Amiro,</p><p>- PhpShop,</p><p>- HostCMS,?</p><p>- бесплатно подключается любая другая CMSили нужный формат csv.</p><p>Программа возобновляет процесс парсинга с состояния разрыва при любом сбое (выкл. электричества и т.д.).</p><p>После оформления заказа Вам будет выслана ссылка на скачивание программы. ?</p><p>Наш продукт ShopDataGetway - это система предоставляющая вашим партнерам возможность мгновенно обновлять интернет-магазины используя данные из ваших систем. Система предоставляет вашим партнерам данные в требуемом им виде. С помощью продукта ShopDataGetway вы позволяете вашим партнерам избежать лишних затрат на автоматизицию бизнес-процессов.</p><p>CatalogLoader– это пакет программного обеспечение, представляющее собой набор инструментов для работы с товарамиинтернет-магазинов (парсер, автоматическое наполнение, изменение цен, обработка склада, мониторинг конкурентов).</p>";"<p>Парсер zappos.com?? – отдельная и специальная сборка парсера Catalog Loader для скачивания товаров из zappos.com?.</p>";"Парсер товаров zappos.com";"";"";"140-255-thickbox_small.jpg,140-255-thickbox_medium.jpg,140-255-thickbox.jpg";"140-256-thickbox_small.jpg,140-256-thickbox_medium.jpg,140-256-thickbox.jpg";"";"";"";"";"";"";"";"";""
"1011_141";"Парсер товаров beautymania.ru";"109.00";100;"<p>Парсер beautymania.ru – отдельная и специальная сборка парсера Catalog Loader для скачивания товаров из интернет-магазина косметики по уходу за волосами, телом, лицом ?beautymania.ru. В этом интернет-магазине вы найдете рубрики с косметикой по уходу за телом, лицом, волосами, а также рубрику с косметикой для мужчин.</p><p>Каждый товар иметт фотографию, описание, стоимость. Все эти данные можно без труда скачать и загрузить в Ваш интернет-магазин с помощью парсера beautymania.ru?.</p><p>Преимущества парсера beautymania.ru перед аналогами:</p><p>- Программа работает под Windows (XP / 7 / 2003 / 2008).</p><p>- Установка программы не требует никаких специальных знаний и навыков, устанавливается как обычное приложение Windows (далее, далее… готово).</p><p>- Максимально упрощенный и понятный интерфейс.</p><p>Параметры, которые извлекаются парсером beautymania.ru в стандартной конфигурации:</p><p>- структура каталога;</p><p>- имя товара;</p><p>- цена товара;</p><p>- краткое описание;</p><p>- полное описание;</p><p>- изображение (увеличенное);</p><p>- производитель;</p><p>- meta_title?, meta_description?, meta_keywords;</p><p>- возможно расширение стандартной версии дополнительными параметрами и возможностями (изменение цены по формуле, мониторинг и сравнение цен и т.д.).</p><p>Экспорт товаров парсером beautymania.ru происходит в csv для следующих CMS:</p><p>- PrestaShop,</p><p>- VamShop,</p><p>- Virtuemart(Joomla),</p><p>- ShopScript,</p><p>- ABO,</p><p>- Amiro,</p><p>- PhpShop,</p><p>- HostCMS,?</p><p>- возможно подключение любой другой CMS или нужного формата csv (бесплатно).</p><p>Возможность возобновления процесса парсинга с предыдущего состояние в случае какого-либо сбоя (выкл. электричества и т.п. ) или ручной остановки парсера.</p><p>После оформления заказа Вам будет выслана ссылка на скачивание программы.</p><p>Наш продукт ShopDataGetway - это система предоставляющая вашим партнерам возможность мгновенно обновлять интернет-магазины используя данные из ваших систем. Система предоставляет вашим партнерам данные в требуемом им виде. С помощью продукта ShopDataGetway вы позволяете вашим партнерам избежать лишних затрат на автоматизицию бизнес-процессов.</p><p>CatalogLoader– это пакет программного обеспечение, представляющее собой набор инструментов для работы с товарамиинтернет-магазинов (парсер, автоматическое наполнение, изменение цен, обработка склада, мониторинг конкурентов).</p>";"<p>Парсер beautymania.ru – отдельная и специальная сборка парсера Catalog Loader для скачивания товаров из интернет-магазина косметики по уходу за волосами, телом, лицом ?beautymania.ru. В этом интернет-магазине вы найдете рубрики с косметикой по уходу за телом, лицом, волосами, а также рубрику с косметикой для мужчин.</p>";"Парсер товаров beautymania.ru";"";"";"141-257-thickbox_small.jpg,141-257-thickbox_medium.jpg,141-257-thickbox.jpg";"141-258-thickbox_small.jpg,141-258-thickbox_medium.jpg,141-258-thickbox.jpg";"";"";"";"";"";"";"";"";""
0;;Три уровня вложенности;;;;;;;;;;;;;;;;
"1012_115";"Напольные весы Beurer BG55";"125.00";100;"<p>Индикация с указанием содержания: жира, воды, мышечной и костной массы тела. Атлетический режим. Литиевая батарея в комплекте. Технология Tap-on. Платформа из безопасного прочного стекла.</p>";"<p>Индикация с указанием содержания: жира, воды, мышечной и костной массы тела.</p>";"Напольные весы Beurer BG55";"";"";"115-208-thickbox_small.jpg,115-208-thickbox_medium.jpg,115-208-thickbox.jpg";"115-209-thickbox_small.jpg,115-209-thickbox_medium.jpg,115-209-thickbox.jpg";"";"";"";"";"";"";"";"";""
"1012_116";"Напольные весы Beurer GS21 Mauritius";"65.00";100;"<p>Напольные весы со стеклянной платформой с оригинальным дизайном MaterialLine (покрытие из ламината). Максимальная нагрузка 180 кг. Погрешность измерения 0.1 кг. Автоматическое отключение. Перенастройка единицы измерения: kg (кг)/lb (фунты)/st (стоуны). Размеры (ШхВxД): 33x2.0x32 см.</p>";"<p>Напольные весы со стеклянной платформой с оригинальным дизайном MaterialLine (покрытие из ламината).</p>";"Напольные весы Beurer GS21 Mauritius";"";"";"116-210-thickbox_small.jpg,116-210-thickbox_medium.jpg,116-210-thickbox.jpg";"";"";"";"";"";"";"";"";"";""
"1012_117";"Электронные напольные весы BOSCH PPW 3300";"55.00";100;"<p>Электронные весы AxxenceSlim Line. Ультратонкие, высота 17мм с большим дисплеем - 38 мм. Цвет белый.</p>";"<p>Электронные весы AxxenceSlim Line. Ультратонкие, высота 17мм с большим дисплеем - 38 мм. Цвет белый.</p>";"Электронные напольные весы BOSCH PPW 3300";"";"";"117-211-thickbox_small.jpg,117-211-thickbox_medium.jpg,117-211-thickbox.jpg";"";"";"";"";"";"";"";"";"";""
0;;!второй уровень;;;;;;;;;;;;;;;;
"1017_114";"Электробритва PHILIPS RQ 1095";"370.00";100;"<p>Электробритва с ЖК-дисплеем. Бритвенный блок. Индикатор необходимости замены бритвенного блока. Быстрая зарядка. Дорожная блокировка. Индикация очистки. Полированный стальной корпус. Отсутствие вибраций. Антикоррозийное покрытие головок. Можно мыть под водой и бриться с пеной. Система Flex & Pivot: три гибкие головки, вращающиеся в разных направления. Система Lift & Cut.</p>";"<p>Электробритва с ЖК-дисплеем. Бритвенный блок.</p>";"Электробритва PHILIPS RQ 1095";"";"";"114-207-thickbox_small.jpg,114-207-thickbox_medium.jpg,114-207-thickbox.jpg";"";"";"";"";"";"";"";"";"";""
0;;!!третий уровень;;;;;;;;;;;;;;;;
"1018_112";"Гидромассажная ванна для ног BEURER FB25";"89.00";100;"<p>Гидромассажная ванночка для ног с механическим управлением и тремя режимами работы. 16 встроенных магнитов. Вибрационный массаж, вихревой массаж. Дополнительная функция: поддержание температуры воды.</p>";"<p>Гидромассажная ванночка для ног с механическим управлением и тремя режимами работы.</p>";"Гидромассажная ванна для ног BEURER FB25";"";"";"112-205-thickbox_small.jpg,112-205-thickbox_medium.jpg,112-205-thickbox.jpg";"";"";"";"";"";"";"";"";"";""
"1018_113";"Фен-расческа Braun Steam & Style ASS 1000";"83.00";100;"<p>Мощный стайлер с управлямой подачей пара. Мягкая укладка и длительный результат. Идеален для укладки влажных волос и корректировки прически на сухих волосах, для создания локонов и волн, создания объема. 3 ступени мощности потока воздуха. Насадка для создания крупных локонов и волн. Насадка для мелкой и средней завивки. Насадка для подъема волос и создания объема от самых корней. Цвет сиреневый матовый.</p>";"<p>Мощный стайлер с управлямой подачей пара.</p>";"Фен-расческа Braun Steam & Style ASS 1000";"";"";"113-206-thickbox_small.jpg,113-206-thickbox_medium.jpg,113-206-thickbox.jpg";"";"";"";"";"";"";"";"";"";""
0;;Четыре уровня вложенности;;;;;;;;;;;;;;;;
"1013_126";"Фен Valera Swiss Nano 9200 Ionic Tourmaline Rotocord";"123.00";100;"<p>Фен мощностью 2000 Вт. 6 комбинаций температуры и скорости воздушного потока. Независимая регулировка нагрева и воздушного потока. Подача холодного воздуха. Ионизация. Срок службы: 2000 часов. Вес без кабеля: 540 гр. Гибкий кабель 3 м с устройством Rotocord (вращение шнура вокруг своей оси).</p>";"<p>Фен мощностью 2000 Вт. 6 комбинаций температуры и скорости воздушного потока.</p>";"Фен Valera Swiss Nano 9200 Ionic Tourmaline Rotocord";"";"";"126-221-thickbox_small.jpg,126-221-thickbox_medium.jpg,126-221-thickbox.jpg";"";"";"";"";"";"";"";"";"";""
0;;!второй уровень вложенности;;;;;;;;;;;;;;;;
"1019_124";"Электробигуди Remington KF40E";"67.00";100;"<p>Термобигуди с тефлоновым покрытием и функцией ионного кондиционирования. Имеют восковую середину и бархатное покрытие. 4 штуки диаметром 20 мм, 10 штук диаметром 22 мм, 6 штук диаметром 25 мм. Время нагрева - 10 минут. Подставка для нагревания и зажимы для волос в комплекте. Два варианта цвета.</p>";"<p>Термобигуди с тефлоновым покрытием и функцией ионного кондиционирования.</p>";"Электробигуди Remington KF40E";"";"";"124-218-thickbox_small.jpg,124-218-thickbox_medium.jpg,124-218-thickbox.jpg";"124-219-thickbox_small.jpg,124-219-thickbox_medium.jpg,124-219-thickbox.jpg";"";"";"";"";"";"";"";"";""
"1019_125";"Электробигуди Philips HP4611";"60.00";100;"<p>12 бигуди в комплекте для создания блестящих локонов. 4 бигуди с керамическим покрытием для создания объемных локонов. Индикатор готовности к работе. 12 металлических зажимов, 4 зажима-краба. Система SalonRollers Pro нагревает все бигуди одновременно, обеспечивая быстрый и равномерный нагрев.</p>";"<p>12 бигуди в комплекте для создания блестящих локонов.</p>";"Электробигуди Philips HP4611";"";"";"125-220-thickbox_small.jpg,125-220-thickbox_medium.jpg,125-220-thickbox.jpg";"";"";"";"";"";"";"";"";"";""
0;;!!третий уровень вложенности;;;;;;;;;;;;;;;;
"1020_120";"Щипцы Moser SalonStyle 4463-0050";"126.00";100;"<p>Щипцы для выпрямления волос. Мощность: 45 Вт. Ударопрочный корпус из термопластика. Подкругленный корпус для завивки волос. Плавающие пластины. Керамико-турмалиновое покрытие пластин. 6 температурных режимов (от 130 до 230 гр). LED-индикаторы работы. Автоотключение через 30 мин. Шнур питания с вращающимся шарниром и петлей для подвешивания. Защита от перегрева.</p>";"<p>Щипцы для выпрямления волос. Мощность: 45 Вт.</p>";"Щипцы Moser SalonStyle 4463-0050";"";"";"120-214-thickbox_small.jpg,120-214-thickbox_medium.jpg,120-214-thickbox.jpg";"";"";"";"";"";"";"";"";"";""
"1020_121";"Выпрямитель для волос Braun ES2";"105.00";100;"<p>Керамическое покрытие насадок. Индикатор остаточного нагрева. Индивидуальные настройки режима укладки. Защита от перегрева. Максимальная температура нагрева 200 С. Мощность 140 Вт.</p>";"<p>Керамическое покрытие насадок. Индикатор остаточного нагрева.</p>";"Выпрямитель для волос Braun ES2";"";"";"121-215-thickbox_small.jpg,121-215-thickbox_medium.jpg,121-215-thickbox.jpg";"";"";"";"";"";"";"";"";"";""
"1020_122";"Стайлер Braun Satin Hair 5 ESW";"90.00";100;"<p>Стайлер для выпрямления волос. Подвижные керамические пластины NanoGlide поддерживают здоровье кутикулы. Точная регулировка температуры для бережной укладки (от 130°C до 200°C с шагом в 5°C). Формирователь локонов. Температурный дисплей. Автоматическое отключение через 30 минут.</p>";"<p>Стайлер для выпрямления волос. Подвижные керамические пластины NanoGlide поддерживают здоровье кутикулы.</p>";"Стайлер Braun Satin Hair 5 ESW";"";"";"122-216-thickbox_small.jpg,122-216-thickbox_medium.jpg,122-216-thickbox.jpg";"";"";"";"";"";"";"";"";"";""
"1020_123";"Плойка Valera DIGICURL 641.19";"73.00";100;"<p>Плойка с цифровым управлением для завивки волос. Диаметр: 19 мм. Керамический слой. Антибактериальное действие NANO-SILVER. Цифровой дисплей. Максимальная температура 190°C. Гибкий поворотный кабель 3 м. Пластиковый наконечник.</p>";"<p>Плойка с цифровым управлением для завивки волос.</p>";"Плойка Valera DIGICURL 641.19";"";"";"123-217-thickbox_small.jpg,123-217-thickbox_medium.jpg,123-217-thickbox.jpg";"";"";"";"";"";"";"";"";"";""
0;;!!!четвёртый уровень вложенности;;;;;;;;;;;;;;;;
"1021_118";"Сауна для лица Panasonic EH 2513";"50.00";100;"<p>Вакуумный очиститель пор с функцией микроспрея для более эффективной очистки кожи. 2 режима работы (влажный и обычный). Непрерывная работа от аккумулятора - 20 минут. Мощность вакуумного давления: 50кПа.</p>";"<p>Вакуумный очиститель пор с функцией микроспрея для более эффективной очистки кожи. 2 режима работы (влажный и обычный). Непрерывная работа от аккумулятора - 20 минут. Мощность вакуумного давления: 50кПа.</p>";"Сауна для лица Panasonic EH 2513";"";"";"118-212-thickbox_small.jpg,118-212-thickbox_medium.jpg,118-212-thickbox.jpg";"";"";"";"";"";"";"";"";"";""
"1021_119";"Сауна для лица Panasonic EH 2424";"150.00";100;"<p>Ионизирующий вапоризатор для очищения и увлажнения глубоких слоев кожного покрова. Очищение и увлажнение глубоких слоев эпидермиса с помощью наночастиц ионизированного пара. Непрерывная работа при однократном заполнении резервуара водой – 12 ми</p>";"<p>Ионизирующий вапоризатор для очищения и увлажнения глубоких слоев кожного покрова.</p>";"Сауна для лица Panasonic EH 2424";"";"";"119-213-thickbox_small.jpg,119-213-thickbox_medium.jpg,119-213-thickbox.jpg";"";"";"";"";"";"";"";"";"";""
0;;Пять уровней вложенности;;;;;;;;;;;;;;;;
"1014_136";"Цифровая фотокамера Olympus PEN E-P3";"1750.00";100;"<p>Компактная камера в металлическом корпусе. Сенсорный OLED-дисплей с диагональю 3 дюйма. Live MOS сенсор с разрешением 12.3 Мегапикселей. FAST автофокус (Frequency Acceleration Sensor Technology). Full HD-видео со стерео звуком, регулируемой глубиной резкости и художественными фильтрами. Графический процессор TruePic VI. Цвета: черный, белый, серебристый.</p>";"<p>Компактная камера в металлическом корпусе. Сенсорный OLED-дисплей с диагональю 3 дюйма.</p>";"Цифровая фотокамера Olympus PEN E-P3";"";"";"136-236-thickbox_small.jpg,136-236-thickbox_medium.jpg,136-236-thickbox.jpg";"136-237-thickbox_small.jpg,136-237-thickbox_medium.jpg,136-237-thickbox.jpg";"136-238-thickbox_small.jpg,136-238-thickbox_medium.jpg,136-238-thickbox.jpg";"136-239-thickbox_small.jpg,136-239-thickbox_medium.jpg,136-239-thickbox.jpg";"136-240-thickbox_small.jpg,136-240-thickbox_medium.jpg,136-240-thickbox.jpg";"";"";"";"";"";""
"1014_137";"Цифровой фотоаппарат Nikon Coolpix S1100pj";"410.00";100;"<p>Цифровая тонкая фотокамера с разрешением 14,1 мегапикселей. Широкоугольный объектив NIKKOR с 5-кратным увеличением обеспечивает потрясающе точную передачу деталей и высокое разрешение. (Эквивалент формата 35 мм для пленочных фотокамер: 28 – 140 мм). Встроенный проектор позволяет проецировать избранные фотографии или видеоклипы. Поддержка ярких (до 14 люмен) проекций качества VGA на экране размером от 26 до 240 см (от 5 до 47 дюймов). Проецирование изображений с ПК или карты памяти. Гибридное VR (смещение объектива и электронное подавление вибраций). Сенсорный ЖК экран с диагональю 7,6 см (3 дюйма), разрешением 460 тыс. точек. Яркие видеоклипы высокой четкости в формате 720р HD. 17 сюжетных режимов. Варианты расцветок - желтый, сиреневый, черный, серый.</p>";"<p>Цифровая тонкая фотокамера с разрешением 14,1 мегапикселей. Широкоугольный объектив NIKKOR с 5-кратным увеличением обеспечивает потрясающе точную передачу деталей и высокое разрешение.</p>";"Цифровой фотоаппарат Nikon Coolpix S1100pj";"";"";"137-242-thickbox_small.jpg,137-242-thickbox_medium.jpg,137-242-thickbox.jpg";"137-243-thickbox_small.jpg,137-243-thickbox_medium.jpg,137-243-thickbox.jpg";"137-244-thickbox_small.jpg,137-244-thickbox_medium.jpg,137-244-thickbox.jpg";"137-245-thickbox_small.jpg,137-245-thickbox_medium.jpg,137-245-thickbox.jpg";"137-246-thickbox_small.jpg,137-246-thickbox_medium.jpg,137-246-thickbox.jpg";"";"";"";"";"";""
0;;!Второй уровень вложенности;;;;;;;;;;;;;;;;
"1022_134";"Штатив Hama Traveller Mini H-4048";"60.00";100;"<p>Компактный штатив-треножник для фото/видеокамер и микрофонов. Шаровая головка. Вес 215 г.</p>";"<p>Компактный штатив-треножник для фото/видеокамер и микрофонов. Шаровая головка. Вес 215 г.</p>";"Штатив Hama Traveller Mini H-4048";"";"";"134-232-thickbox_small.jpg,134-232-thickbox_medium.jpg,134-232-thickbox.jpg";"134-233-thickbox_small.jpg,134-233-thickbox_medium.jpg,134-233-thickbox.jpg";"134-234-thickbox_small.jpg,134-234-thickbox_medium.jpg,134-234-thickbox.jpg";"";"";"";"";"";"";"";""
"1022_135";"Штатив Rekam RT-L38";"81.00";100;"<p>Напольный штатив для фото- и видеокамер. Корпус выполнен из металла серебристого цвета, ручка для переноса, механический подъемник, крюк для сумки, панорамная 3-D головка.</p>";"<p>Напольный штатив для фото- и видеокамер.</p>";"Штатив Rekam RT-L38";"";"";"135-235-thickbox_small.jpg,135-235-thickbox_medium.jpg,135-235-thickbox.jpg";"";"";"";"";"";"";"";"";"";""
0;;!!Третий уровень вложенности;;;;;;;;;;;;;;;;
"1023_131";"Объектив Canon EF-S 18-55mm f3.5-5.6 IS";"120.00";100;"<p>Стандартный объектив общего назначения с 4-ступенчатым стабилизатором изображения, который помогает добиться значительно лучших результатов в условиях слабой освещенности. Изготовлен на основе профессиональной оптики, с использованием асферического элемента. Подходит для съёмки без штатива при различном освещении. Минимальное расстояние фокусировки объектива составляет всего 25 см при любом увеличении, обеспечивая возможность макросъёмки.</p>";"<p>Стандартный объектив общего назначения с 4-ступенчатым стабилизатором изображения, который помогает добиться значительно лучших результатов в условиях слабой освещенности.</p>";"Объектив Canon EF-S 18-55mm f3.5-5.6 IS";"";"";"131-229-thickbox_small.jpg,131-229-thickbox_medium.jpg,131-229-thickbox.jpg";"";"";"";"";"";"";"";"";"";""
"1023_132";"Объектив Canon EF 50 mm f1.8 II";"133.00";100;"<p>Стандартный объектив с постоянным фокусным расстоянием. Компактный и легкий, обеспечивает отличное качество изображения при светосиле, превосходящей возможности любого объектива с переменным фокусным расстоянием. Классическая оптическая схема. Система автофокусировки базируется на встроенном микромоторе.</p>";"<p>Стандартный объектив с постоянным фокусным расстоянием.</p>";"Объектив Canon EF 50 mm f1.8 II";"";"";"132-230-thickbox_small.jpg,132-230-thickbox_medium.jpg,132-230-thickbox.jpg";"";"";"";"";"";"";"";"";"";""
"1023_133";"Объектив Canon EF 70-200 f 4L USM";"775.00";100;"<p>Телеобъектив с постоянной светосилой. Модель выполнена в прочном, пыле- и влагозащитном корпусе. Диафрагма объектива с круглым отверстием позволяет получать привлекательный эффект размытого фона. Оптическая схема объектива включает 13 линз в 16 группах. В числе элементов имеются две линзы из низкодисперсионного стекла UD и одна флюоритовая. Такая конструкция обеспечивает превосходное качество изображения с минимальным уровнем аберраций при любом значении фокусного расстояния. Многослойное просветление Super Spectra. Фокусировка осуществляется при помощи кольцевого ультразвукового мотора USM.</p>";"<p>Телеобъектив с постоянной светосилой. Модель выполнена в прочном, пыле- и влагозащитном корпусе.</p>";"Объектив Canon EF 70-200 f 4L USM";"";"";"133-231-thickbox_small.jpg,133-231-thickbox_medium.jpg,133-231-thickbox.jpg";"";"";"";"";"";"";"";"";"";""
0;;!!!Четвёртый уровень вложенности;;;;;;;;;;;;;;;;
"1024_129";"Вспышка Canon Speedlite 580EX II";"620.00";100;"<p>Вспышка для любых погодных условий. Управление с помощью меню фотокамеры. Надёжная конструкция защищает детали вспышки от попадания пыли и влаги при съёмке с выносной колодкой. Бесшумный и быстрый перезаряд.</p>";"<p>Вспышка для любых погодных условий.</p>";"Вспышка Canon Speedlite 580EX II";"";"";"129-227-thickbox_small.jpg,129-227-thickbox_medium.jpg,129-227-thickbox.jpg";"";"";"";"";"";"";"";"";"";""
"1024_130";"Вспышка Nikon Speedlight SB-900";"530.00";100;"<p>Профессиональная вспышка i-TTL, совместимая с зеркальными фотокамерами. Три шаблона освещения: центрально-взвешенный, равномерный и стандартный. Набор усовершенствованных функций. Система термальной защиты, автоматическое определение фильтра.</p>";"<p>Профессиональная вспышка i-TTL, совместимая с зеркальными фотокамерами.</p>";"Вспышка Nikon Speedlight SB-900";"";"";"130-228-thickbox_small.jpg,130-228-thickbox_medium.jpg,130-228-thickbox.jpg";"";"";"";"";"";"";"";"";"";""
0;;!!!!Пятый уровень вложенности;;;;;;;;;;;;;;;;
"1025_127";"Цифровая фоторамка Sony DPF-A710";"110.00";100;"<p>Цифровая фоторамка с 7-дюймовым широкоформатным ЖК-экраном со светодиодной подсветкой обеспечивает четкое и детализированное отображение фотографий. Встроенная память 128 МБ позволяет хранить до 200 фотографий. Большой выбор настроек слайд-шоу, разные варианты оформления часов и календаря, функции поиска фотографий по папкам, событиям и тегам пользователя. Интеллектуальный сенсор поворачивает изображение при изменении положения рамки. Оснащена пультом дистанционного управления.</p>";"<p>Цифровая фоторамка с 7-дюймовым широкоформатным ЖК-экраном со светодиодной подсветкой обеспечивает четкое и детализированное отображение фотографий.</p>";"Цифровая фоторамка Sony DPF-A710";"";"";"127-222-thickbox_small.jpg,127-222-thickbox_medium.jpg,127-222-thickbox.jpg";"127-223-thickbox_small.jpg,127-223-thickbox_medium.jpg,127-223-thickbox.jpg";"127-224-thickbox_small.jpg,127-224-thickbox_medium.jpg,127-224-thickbox.jpg";"";"";"";"";"";"";"";""
"1025_128";"Цифровая фоторамка Transcend PF705";"73.00";100;"<p>Широкоэкранная цветная TFT LCD панель с диагональю 7 дюймов и отношением сторон 16:9. Поддержка USB флэш-накопителей и карт памяти SD/SDHC/MMC/MS Полная совместимость с интерфейсом Hi-Speed USB 2.0 и обратная совместимость с USB 1.1. Прямое подключение к ПК с помощью USB для простого обмена файлами. Выбор различных фотографий для создания слайдшоу. Возможность просмотра изображений в режиме слайд-шоу, в режиме пиктограмм, в обычномрежиме, а также возможность увеличения изображения. Функция напоминаний о важных датах/событиях. Функции календаря и часов. Автоматическое выключение и таймер для перехода в неактивный режим. Возможность выбора цветовых режимов. Цвета: белый, черный.</p>";"<p>Широкоэкранная цветная TFT LCD панель с диагональю 7 дюймов и отношением сторон 16:9.</p>";"Цифровая фоторамка Transcend PF705";"";"";"128-225-thickbox_small.jpg,128-225-thickbox_medium.jpg,128-225-thickbox.jpg";"128-226-thickbox_small.jpg,128-226-thickbox_medium.jpg,128-226-thickbox.jpg";"";"";"";"";"";"";"";"";""
0;;Женская одежда;;;;;;;;;;;;;;;;
"1015_143";"Коктейльное платье Tulpan";"120.00";100;"<p>97% полиэстер, 5% эластан</p>";"<p>97% полиэстер, 5% эластан</p>";"Коктейльное платье Tulpan";"";"";"143-260-thickbox_small.jpg,143-260-thickbox_medium.jpg,143-260-thickbox.jpg";"143-261-thickbox_small.jpg,143-261-thickbox_medium.jpg,143-261-thickbox.jpg";"143-262-thickbox_small.jpg,143-262-thickbox_medium.jpg,143-262-thickbox.jpg";"143-263-thickbox_small.jpg,143-263-thickbox_medium.jpg,143-263-thickbox.jpg";"";"";"";"";"";"";""
"1015_144";"Коктейльное платье Strass Buck";"105.00";100;"<p>95% полиэстер, 5% спандекс</p>";"<p>95% полиэстер, 5% спандекс</p>";"Коктейльное платье Strass Buck";"";"";"144-264-thickbox_small.jpg,144-264-thickbox_medium.jpg,144-264-thickbox.jpg";"144-265-thickbox_small.jpg,144-265-thickbox_medium.jpg,144-265-thickbox.jpg";"144-266-thickbox_small.jpg,144-266-thickbox_medium.jpg,144-266-thickbox.jpg";"144-267-thickbox_small.jpg,144-267-thickbox_medium.jpg,144-267-thickbox.jpg";"";"";"";"";"";"";""
"1015_145";"Платье Зебра с оригинальным ремнем";"85.00";100;"<p>Красивое платье для работы и отдыха из плотного стрейч-трикотажа.</p><p>Высококачественный плотный трикотаж с добавлением эластана делает платье комфортным и удобным в носке.</p><p>Оригинальный ремень и необычная расцветка покажут Вашу индивидуальность и стиль.</p><p>Параметры модели: рост 176см, ОГ - 88см, ОТ -65 см, ОБ-94 см.</p>";"<p>Красивое платье для работы и отдыха из плотного стрейч-трикотажа.</p><p>Высококачественный плотный трикотаж с добавлением эластана делает платье комфортным и удобным в носке.</p>";"Платье Зебра с оригинальным ремнем";"";"";"145-268-thickbox_small.jpg,145-268-thickbox_medium.jpg,145-268-thickbox.jpg";"145-269-thickbox_small.jpg,145-269-thickbox_medium.jpg,145-269-thickbox.jpg";"145-270-thickbox_small.jpg,145-270-thickbox_medium.jpg,145-270-thickbox.jpg";"145-271-thickbox_small.jpg,145-271-thickbox_medium.jpg,145-271-thickbox.jpg";"";"";"";"";"";"";""
"1015_146";"Вязаное платье с нарядным воротничком";"90.00";100;"<p>Это отличное вязаное платье с шикарным воротником</p><p>А сборка в области талии подчеркнёт все прелести вашей фигуры.</p>";"<p>Это отличное вязаное платье с шикарным воротником</p>";"Вязаное платье с нарядным воротничком";"";"";"146-272-thickbox_small.jpg,146-272-thickbox_medium.jpg,146-272-thickbox.jpg";"146-273-thickbox_small.jpg,146-273-thickbox_medium.jpg,146-273-thickbox.jpg";"146-274-thickbox_small.jpg,146-274-thickbox_medium.jpg,146-274-thickbox.jpg";"146-275-thickbox_small.jpg,146-275-thickbox_medium.jpg,146-275-thickbox.jpg";"";"";"";"";"";"";""
"1015_147";"Комбинезон Redial под джинс 2";"110.00";100;"<p>60% хлопок, 35% полиэстер, 5% спандекс</p><p>Комбинезон Redial под джинс 2 – откровенный и элегантный. Глубокое декольте открывает соблазнительную грудь. Привлекает внимание красиво оголенная спина. Очень интригующе смотрятся пуговички и отложной воротничок. Комбинезон плотно и сексуально облегает фигуру, подчеркивая все ее достоинства</p>";"<p>Комбинезон Redial под джинс 2 – откровенный и элегантный. Глубокое декольте открывает соблазнительную грудь. Привлекает внимание красиво оголенная спина. Очень интригующе смотрятся пуговички и отложной воротничок. Комбинезон плотно и сексуально облегает фигуру, подчеркивая все ее достоинства</p>";"Комбинезон Redial под джинс 2";"";"";"147-276-thickbox_small.jpg,147-276-thickbox_medium.jpg,147-276-thickbox.jpg";"147-277-thickbox_small.jpg,147-277-thickbox_medium.jpg,147-277-thickbox.jpg";"147-278-thickbox_small.jpg,147-278-thickbox_medium.jpg,147-278-thickbox.jpg";"";"";"";"";"";"";"";""
"1015_148";"Велюровый спортивный костюм с юбкой";"115.00";100;"<p>Спортивный костюм с юбкой. Разнообразие цветов поможет выбрать именно тот, который подойдёт именно вам!</p>";"<p>Спортивный костюм с юбкой. Разнообразие цветов поможет выбрать именно тот, который подойдёт именно вам!</p>";"Велюровый спортивный костюм с юбкой";"";"";"148-279-thickbox_small.jpg,148-279-thickbox_medium.jpg,148-279-thickbox.jpg";"148-280-thickbox_small.jpg,148-280-thickbox_medium.jpg,148-280-thickbox.jpg";"148-281-thickbox_small.jpg,148-281-thickbox_medium.jpg,148-281-thickbox.jpg";"148-282-thickbox_small.jpg,148-282-thickbox_medium.jpg,148-282-thickbox.jpg";"148-283-thickbox_small.jpg,148-283-thickbox_medium.jpg,148-283-thickbox.jpg";"";"";"";"";"";""
"1015_149";"Спортивный костюм HOOD";"90.00";100;"<p>100% хлопок</p>";"<p>100% хлопок</p>";"Спортивный костюм HOOD";"";"";"149-284-thickbox_small.jpg,149-284-thickbox_medium.jpg,149-284-thickbox.jpg";"149-285-thickbox_small.jpg,149-285-thickbox_medium.jpg,149-285-thickbox.jpg";"149-286-thickbox_small.jpg,149-286-thickbox_medium.jpg,149-286-thickbox.jpg";"";"";"";"";"";"";"";""
0;;!Нижнее бельё;;;;;;;;;;;;;;;;
"1026_150";"Бюстгальтер Velmont 3404";"30.00";100;"<p>Бюстгальтер Velmont 3404 – эффектный бюстгальтер. Тонкие, регулируемые лямки, удобная чашка, кружевная отделка, Ваша грудь будет сексуально выглядеть в этом бюстгальтере. Удобен в носке и подходит как на каждый день, так и под вечернее платье.</p>";"<p>Бюстгальтер Velmont 3404 – эффектный бюстгальтер. Тонкие, регулируемые лямки,</p>";"Бюстгальтер Velmont 3404";"";"";"150-287-thickbox_small.jpg,150-287-thickbox_medium.jpg,150-287-thickbox.jpg";"";"";"";"";"";"";"";"";"";""
"1026_151";"Бюстгальтер Velmont 4702";"29.00";100;"<p>Бюстгальтер Velmont 4702 – комфортный бюстгальтер на регулируемых тонких лямках. Черный атлас, удобная чашка, бюстгальтер привлекает внимание эффектной простотой. Идеально поддержит Вашу грудь, удобен в носке на каждый день.</p>";"<p>Бюстгальтер Velmont 4702 – комфортный бюстгальтер на регулируемых тонких лямках.</p>";"Бюстгальтер Velmont 4702";"";"";"151-288-thickbox_small.jpg,151-288-thickbox_medium.jpg,151-288-thickbox.jpg";"";"";"";"";"";"";"";"";"";""
"1026_152";"Бюстгальтер Velmont 5104";"30.00";100;"<p>Бюстгальтер Velmont 5104 привлекает внимание оригинальностью расцветки и отделки. Бюстгальтер на регулируемых тонких лямках, глубокая удобная чашка, идеально поддерживающая грудь. Удобен в носке на каждый день, идеально подходит для открытых сарафанов и прозрачных топов.</p>";"<p>Бюстгальтер Velmont 5104 привлекает внимание оригинальностью расцветки и отделки.</p>";"Бюстгальтер Velmont 5104";"";"";"152-289-thickbox_small.jpg,152-289-thickbox_medium.jpg,152-289-thickbox.jpg";"";"";"";"";"";"";"";"";"";""
"1026_153";"Бюстгальтер Velmont 3804";"30.00";100;"<p>Бюстгальтер Velmont 3804 – удобный бюстгальтер на регулируемых тонких лямках. Легкая отделка кружевом, четный цвет, он привлекает внимание классической простотой. Удобная, мягкая чашечка идеально поддержит Вашу грудь. Бюстгальтер подходит к носке на каждый день.</p>";"<p>Бюстгальтер Velmont 3804 – удобный бюстгальтер на регулируемых тонких лямках.</p>";"Бюстгальтер Velmont 3804";"";"";"153-290-thickbox_small.jpg,153-290-thickbox_medium.jpg,153-290-thickbox.jpg";"";"";"";"";"";"";"";"";"";""
